0 [19,4,2,9,22,5,15,7,8,18,13,3,1,17,11,10,12,16,21,6,14,20]
1 [1,4,7,5,2,3,6]
2 [1,8,9,16,2,19,12,5,20,14,17,23,18,13,3,6,11,21,4,7,15,22,10]
3 [17,15,12,20,24,25,7,4,5,6,14,13,3,10,16,1,21,2,19,11,23,8,9,22,18,26]
4 [1,13,2,3,12,5,9,10,14,7,8,4,6,11]
5 [5,10,9,3,2,4,8,1,7,11,6]
6 [4,3,2,5,7,1,6]
7 [31,20,22,1,10,38,18,32,19,40,3,34,26,25,41,21,12,4,33,13,28,37,36,8,7,6,23,2,5,16,39,27,29,11,15,9,17,35,30,14,24]
8 [3,4,2,1]
9 [10,6,9,7,13,4,3,14,15,8,12,2,1,11,5]
10 [21,55,71,66,70,88,20,84,25,68,1,78,82,5,65,41,72,67,45,6,9,40,51,39,4,54,90,10,76,74,35,57,87,49,15,56,42,38,18,61,52,32,7,89,94,75,12,80,69,14,19,83,59,85,77,11,93,47,63,50,3,17,24,2,81,48,60,27,86,26,29,23,64,58,16,37,8,53,36,79,43,91,44,46,30,22,34,33,92,28,73,13,31,62]
11 [2,19,9,10,21,17,6,8,7,15,32,29,22,36,12,1,27,37,23,33,16,13,35,38,5,4,3,34,24,26,39,30,31,11,14,25,18,28,20]
12 [10,12,11,2,3,6,1,9,8,5,7,4]
13 [30,46,104,45,84,120,101,18,108,57,16,2,96,55,78,51,109,29,34,6,112,5,13,9,125,68,22,12,124,25,121,80,123,35,90,119,128,11,82,33,59,77,99,1,61,21,75,70,40,88,97,4,31,106,3,74,115,38,93,19,76,60,42,56,113,67,69,91,102,44,72,36,71,118,48,43,24,98,95,86,7,54,64,39,14,103,73,26,10,52,32,94,65,53,100,62,89,111,50,58,110,105,49,27,92,8,63,79,17,23,127,66,15,116,81,37,47,117,122,114,107,85,28,20,83,41,87,126]
14 [1,8,11,12,3,4,5,9,7,6,2,10]
15 [61,32,114,1,5,10,25,85,21,82,57,65,109,43,96,101,24,17,60,35,50,104,54,95,41,88,8,52,71,29,108,100,55,22,74,98,121,63,97,87,94,76,14,38,103,27,59,79,73,46,78,111,16,110,117,91,40,89,39,69,56,66,23,15,72,99,53,80,81,31,107,12,33,75,70,62,20,7,64,47,90,45,6,36,113,18,102,115,119,83,28,86,42,19,11,120,13,116,51,92,34,3,112,48,37,49,68,26,9,118,106,2,58,105,77,44,4,84,30,93,67]
16 [11,1,7,12,6,9,3,8,2,13,10,4,5]
17 [21,34,1,28,16,30,23,40,49,19,48,39,25,46,47,41,24,4,54,7,11,13,9,18,33,20,43,10,31,45,2,6,5,12,38,27,22,51,44,15,35,50,52,32,36,3,14,17,26,55,42,37,29,53,8]
18 [1,4,7,2,5,8,12,6,9,11,14,10,3,13]
19 [1,4,5,6,3,2]
20 [7,8,1,13,6,14,9,2,4,10,11,3,5,12]
21 [10,11,8,12,13,3,4,9,5,7,1,6,2]
22 [5,32,13,33,6,12,3,2,23,1,9,8,14,22,27,15,29,31,20,18,21,30,34,28,10,26,16,4,25,7,35,11,17,19,24]
23 [6,12,7,4,2,9,1,8,3,11,10,5]
24 [32,31,41,21,44,52,11,19,50,22,37,42,3,45,20,28,29,16,2,7,13,6,9,43,34,10,25,40,46,30,18,15,36,39,48,33,4,51,53,8,1,14,26,49,5,47,17,27,38,24,23,35,12]
25 [98,57,106,54,93,51,81,80,21,65,128,96,95,34,121,27,58,56,76,63,77,61,94,7,37,119,36,118,124,23,30,107,15,60,101,40,3,64,43,47,127,10,68,115,28,20,117,108,123,114,25,50,55,120,45,49,113,100,109,112,69,86,71,48,6,1,75,22,103,13,73,99,46,9,84,97,59,110,53,33,74,105,90,2,104,16,125,102,85,35,32,129,14,126,5,83,70,52,122,8,88,39,79,41,67,42,17,89,111,130,19,11,31,91,26,24,29,4,18,66,38,44,78,72,82,62,12,87,116,92]
26 [1,5,4,2,6,3]
27 [51,43,59,42,64,55,91,24,62,58,82,9,31,23,87,101,75,8,27,93,52,48,76,89,67,13,88,63,74,41,10,77,49,69,21,12,38,68,2,81,35,44,95,19,60,71,50,92,26,32,99,45,98,83,80,29,20,25,56,4,79,72,1,37,90,33,78,34,3,65,40,96,46,100,39,97,15,5,47,17,16,86,84,36,22,54,7,11,73,94,6,28,57,18,85,30,61,53,70,66,14]
28 [36,61,42,56,24,47,19,49,55,16,62,57,50,32,17,40,11,2,35,60,48,28,37,23,58,54,51,31,10,26,33,59,29,22,34,14,38,9,20,27,39,4,52,46,53,7,25,3,44,18,12,45,41,15,13,21,5,6,1,8,30,43]
29 [50,44,32,40,57,5,64,16,58,56,33,18,68,17,39,19,20,29,51,35,23,71,9,45,43,53,48,67,10,24,66,13,11,4,31,7,34,55,30,27,3,46,60,1,37,26,38,42,12,6,47,59,8,22,36,65,61,2,52,69,15,28,49,21,63,14,70,54,41,25,62]
30 [26,5,12,16,10,13,3,8,18,25,7,23,14,2,28,29,24,22,20,4,9,19,15,27,30,1,17,21,6,11]
31 [5,1,2,4,3]
32 [2,1,6,11,4,7,8,9,10,5,3]
33 [1,2]
34 [7,4,13,12,3,19,2,17,8,16,5,10,11,1,9,14,6,15,18]
35 [1,3,7,8,4,5,6,2]
36 [38,32,55,26,31,30,42,29,71,37,41,12,27,34,33,35,68,6,25,39,61,15,18,47,64,67,72,78,62,24,36,7,65,22,75,21,2,44,46,79,53,8,77,4,20,52,23,56,51,76,3,40,10,50,28,59,14,74,60,66,43,63,48,9,13,11,17,19,73,58,54,5,70,69,16,49,1,57,45]
37 [11,9,4,1,10,3,7,2,6,8,5,12]
38 [9,4,6,8,10,2,11,3,1,5,12,7,13]
39 [23,5,36,15,10,12,31,24,32,16,7,25,1,20,11,29,27,26,9,18,17,14,3,33,30,34,21,28,19,22,4,35,6,2,13,8]
40 [3,1,5,2,4,6]
41 [7,10,12,5,3,22,30,15,9,20,21,18,13,27,25,19,4,8,11,24,16,14,23,1,29,2,6,17,28,26]
42 [1,5,4,3,2]
43 [2,8,6,3,1,5,4,7]
44 [40,25,6,55,65,29,71,54,61,20,28,9,39,12,19,76,66,33,69,41,8,51,38,59,17,26,60,36,30,18,74,64,57,3,10,13,15,42,56,22,16,31,58,48,75,4,7,50,47,23,70,24,32,67,1,35,72,43,63,21,53,45,5,68,62,34,37,14,52,73,49,46,2,44,27,11]
45 [12,13,21,8,15,10,7,14,1,9,6,16,2,5,18,17,19,11,3,20,4]
46 [2,1]
47 [8,4,1,7,11,15,12,13,10,5,3,14,9,6,2]
48 [49,38,35,31,27,47,64,12,16,5,36,6,67,51,4,61,66,26,23,57,11,21,28,18,41,17,15,8,56,7,44,33,9,55,19,25,53,30,14,10,65,60,40,45,3,58,52,32,2,50,63,24,48,37,29,59,22,42,20,43,13,46,62,39,1,34,54]
49 [4,5,1,2,3]
50 [14,12,9,13,6,8,4,19,11,5,10,3,15,16,2,7,20,1,17,18]
51 [86,74,15,11,8,50,7,37,63,36,65,20,33,26,6,32,70,19,43,60,83,47,48,1,57,2,12,38,21,71,40,66,5,55,34,18,72,23,81,27,10,42,73,30,77,45,53,16,49,78,24,31,56,51,22,82,14,69,85,3,61,35,62,75,4,28,64,41,13,79,9,17,59,80,68,54,58,29,84,52,46,25,87,44,39,67,76]
52 [1,4,3,2]
53 [32,38,21,28,17,5,44,22,27,34,19,35,46,26,10,6,12,39,25,41,9,50,14,52,54,51,16,3,23,42,11,7,36,1,8,4,29,37,24,18,31,2,43,45,49,13,33,55,15,30,53,40,20,47,48]
54 [23,14,11,18,1,4,20,16,15,19,12,17,9,21,7,8,2,13,6,10,22,5,3]
55 [1,4,2,3,9,10,5,7,6,8,11]
56 [6,14,2,11,13,4,1,12,7,17,8,3,9,10,5,16,15]
57 [3,2,4,1]
58 [40,2,36,39,3,32,48,28,30,53,11,33,15,42,41,31,12,49,6,44,26,51,43,29,13,14,20,17,22,16,4,37,8,27,1,47,19,55,35,10,7,24,52,38,54,50,45,23,9,21,34,18,25,46,5]
59 [21,83,8,58,1,18,69,66,5,33,14,68,38,73,64,75,71,29,34,59,81,85,16,43,6,12,17,63,9,82,52,26,15,46,3,80,40,56,37,32,70,23,77,36,60,4,74,24,55,20,54,42,67,45,13,65,48,19,41,51,53,7,22,49,35,47,44,72,57,79,10,50,62,30,84,11,28,39,78,76,27,31,2,61,25]
60 [2,9,12,22,16,25,21,19,13,24,5,10,3,4,17,20,6,7,15,23,14,27,11,26,1,18,8]
61 [21,4,18,17,20,1,2,23,9,26,15,6,14,10,16,24,13,19,5,8,3,12,22,25,11,7]
62 [7,41,3,39,30,18,44,29,9,42,11,28,36,26,14,17,8,46,5,21,6,34,24,33,32,49,27,12,2,19,4,38,35,25,10,48,15,23,45,37,13,20,47,16,40,22,1,43,31]
63 [4,3,2,5,1]
64 [3,14,10,19,6,7,2,9,5,17,1,4,16,13,12,15,11,18,8]
65 [4,7,5,6,10,8,2,1,3,9]
66 [3,6,10,12,16,4,18,19,13,2,8,7,5,9,17,1,23,14,20,15,22,24,11,21,25]
67 [1,10,9,2,4,5,6,7,3,8,11]
68 [8,3,1,46,34,49,13,48,2,31,40,20,39,54,22,5,24,32,12,17,45,29,51,27,4,52,14,33,44,7,41,9,23,25,30,56,35,53,10,43,50,6,36,37,18,38,15,26,11,21,16,47,19,42,28,55]
69 [9,66,30,4,24,15,59,32,21,6,42,3,37,8,70,1,60,34,47,25,16,45,38,57,17,33,31,63,29,61,22,64,41,67,51,12,23,40,65,19,44,50,26,35,52,7,58,11,36,27,18,49,5,39,62,2,68,46,13,48,53,43,10,14,20,55,69,54,28,56]
70 [6,8,18,20,3,23,11,16,9,13,2,4,5,10,12,21,15,1,14,17,7,19,24,22,25]
71 [5,65,60,44,19,56,27,43,31,49,9,38,3,14,53,33,47,35,32,34,37,2,24,23,7,59,21,50,29,41,52,64,25,57,15,39,4,62,45,12,13,26,40,22,48,51,11,16,61,6,42,18,30,17,58,54,1,20,10,55,63,36,28,46,8]
72 [7,26,23,21,53,50,52,25,51,48,19,3,2,27,11,8,17,46,44,10,13,12,47,15,24,49,40,1,4,22,36,30,39,43,37,35,5,6,42,31,41,18,32,33,29,20,45,38,54,14,28,9,34,16,55]
73 [3,6,1,2,5,4]
74 [1,3,6,5,7,4,2]
75 [31,9,19,4,41,60,29,15,30,20,58,43,35,53,24,54,18,25,47,46,52,57,16,56,14,3,51,37,36,38,6,13,10,1,17,32,50,2,44,40,59,27,12,48,23,5,8,55,22,21,33,11,42,34,49,7,28,45,39,26]
76 [1,4,8,6,10,12,5,3,11,9,2,7]
77 [4,3,13,5,9,7,6,14,12,11,10,1,8,2]
78 [20,4,17,23,16,6,3,13,9,26,22,11,2,25,10,24,7,21,5,19,8,1,18,14,12,15]
79 [7,14,11,15,25,17,16,12,8,19,4,13,1,24,9,21,23,2,18,10,5,3,22,20,6]
80 [30,19,32,15,49,17,46,5,39,38,11,44,58,1,23,14,28,42,2,52,10,8,53,56,43,9,47,51,57,34,45,36,61,3,37,6,4,21,54,7,48,29,18,33,35,31,40,27,25,26,59,50,41,55,60,62,12,24,13,22,20,16]
81 [3,11,2,10,17,13,14,5,9,12,20,1,16,7,15,4,19,8,18,6]
82 [4,5,34,31,2,7,32,21,37,3,9,19,10,16,18,35,30,36,28,29,12,6,17,24,33,22,25,15,26,14,8,13,1,11,23,20,27]
83 [1,7,2,3,14,6,9,4,13,5,12,8,10,11]
84 [11,25,24,22,30,20,4,7,23,6,10,15,14,17,3,29,12,21,16,27,32,19,13,18,26,5,1,28,8,31,2,9]
85 [2,3,8,4,7,5,9,1,11,6,10]
86 [1,2]
87 [7,25,11,10,9,19,2,21,3,20,24,13,6,16,4,14,18,8,5,15,23,22,17,1,12]
88 [5,10,11,6,9,8,12,15,2,4,13,14,3,1,7]
89 [3,5,1,2,4]
90 [1,3,2,4]
91 [29,14,3,25,17,38,35,16,27,10,37,34,21,33,8,15,9,19,31,11,22,2,4,20,5,36,30,23,7,28,39,32,24,18,12,26,13,1,6]
92 [31,20,56,9,44,61,42,45,54,14,49,24,16,32,36,59,6,13,28,53,62,12,8,51,26,30,23,3,40,57,22,60,47,37,4,19,43,10,5,21,17,39,58,52,63,11,7,18,34,2,38,41,48,46,25,35,50,29,33,55,27,1,15]
93 [4,37,32,20,34,18,44,11,25,39,27,12,6,42,29,36,46,15,2,9,45,48,17,3,50,31,28,21,14,10,49,1,43,5,33,16,8,7,22,13,30,40,41,24,38,35,23,47,19,26]
94 [102,114,13,90,33,75,10,108,79,21,20,43,95,34,107,9,39,62,63,93,68,85,101,87,66,64,38,50,84,98,42,22,92,41,35,117,76,111,52,11,54,48,103,17,69,110,30,94,19,91,96,7,14,109,27,44,56,105,89,24,23,77,51,53,49,116,12,78,32,29,40,104,55,88,67,2,72,106,36,3,15,45,70,4,28,100,65,82,74,57,60,80,16,46,113,97,112,25,37,58,59,99,26,31,115,47,61,86,5,81,8,71,83,6,73,18,1]
95 [9,2,1,23,15,7,11,19,25,4,6,27,17,16,14,3,22,26,21,10,12,24,13,18,8,20,5]
96 [2,3,1,22,24,12,9,4,5,8,11,7,25,17,21,19,10,18,14,20,6,23,15,13,16,26]
97 [5,4,19,13,6,14,10,12,1,18,7,20,16,15,2,9,17,3,11,8]
98 [1,9,6,11,2,7,4,10,3,5,8]
99 [89,32,5,85,1,11,100,94,119,75,46,24,63,112,65,50,110,87,106,118,68,9,101,116,81,104,102,39,78,61,21,55,82,16,93,80,90,18,52,20,64,8,43,36,117,96,26,42,23,107,91,114,95,3,105,53,12,115,31,59,56,72,40,74,88,111,28,41,45,13,19,47,58,103,66,35,76,25,113,27,34,83,30,73,86,7,48,38,4,44,49,77,97,14,54,79,2,60,17,22,108,71,99,92,57,37,29,84,51,109,10,15,67,69,70,62,33,98,6]
100 [3,2,4,8,9,6,5,11,1,12,7,10]
101 [2,1,3,4]
102 [2,1,9,4,14,17,7,3,5,12,15,11,8,6,16,13,10]
103 [2,1]
104 [17,43,21,22,51,40,9,15,1,14,13,49,45,24,16,38,53,61,60,50,6,37,36,48,35,59,26,29,32,41,4,44,28,56,55,42,23,47,11,25,57,5,34,52,30,18,27,54,3,12,7,62,46,39,58,20,33,19,8,10,2,31]
105 [2,1,9,7,5,10,3,4,6,8,11]
106 [34,32,43,8,35,29,60,58,62,50,16,9,31,51,54,23,30,10,40,53,11,5,49,57,6,26,46,63,1,27,44,41,48,21,24,42,17,38,2,7,14,19,36,47,13,52,37,55,25,28,61,39,20,3,18,22,45,12,33,56,4,59,15]
107 [19,20,3,21,9,5,23,14,13,26,16,15,18,22,8,6,1,11,24,17,25,10,7,12,2,4]
108 [56,16,52,4,28,46,53,39,34,38,22,45,43,47,25,15,54,57,7,21,17,20,14,8,5,40,42,48,27,2,19,30,24,1,23,36,50,55,51,9,12,10,18,29,26,37,6,32,44,41,49,11,31,33,3,35,13]
109 [4,6,17,5,9,11,8,10,16,18,13,15,3,12,14,19,1,2,7]
110 [5,1,3,4,2,6,7]
111 [108,103,18,16,93,113,22,79,50,28,20,111,40,33,2,58,82,101,80,63,32,97,12,51,85,98,122,46,55,105,66,14,102,30,23,81,64,65,13,84,34,48,62,39,67,24,41,53,4,25,90,37,31,29,8,47,38,74,6,118,26,89,92,117,119,77,100,36,1,115,5,69,52,19,112,83,104,10,70,60,71,43,35,59,45,9,91,49,121,75,95,123,61,120,54,76,11,21,73,110,114,88,106,57,94,87,27,107,42,17,86,44,7,72,15,109,56,3,116,96,99,68,78]
112 [23,20,10,26,29,27,8,22,12,18,25,14,3,2,19,7,21,5,9,6,4,24,11,16,15,1,28,13,17]
113 [43,31,36,1,11,39,14,8,35,6,60,27,32,4,2,45,5,42,19,12,28,51,29,3,26,22,21,7,13,50,53,16,23,46,54,17,33,10,30,37,34,58,57,41,48,20,47,56,55,52,38,59,49,25,44,18,24,40,15,9]
114 [67,93,116,73,91,105,46,76,33,106,38,90,39,13,89,8,44,41,1,94,122,88,79,120,103,29,54,124,26,19,108,92,43,51,25,80,69,119,32,18,117,110,12,48,70,81,87,68,42,95,111,47,34,72,63,17,16,101,98,60,22,62,85,4,14,50,5,7,59,53,96,104,3,71,121,21,97,113,99,107,100,30,82,118,77,57,6,74,64,52,83,84,61,9,49,112,11,40,45,10,2,123,58,35,75,37,115,109,20,78,102,56,55,27,65,114,28,36,23,24,15,86,31,66]
115 [4,9,6,5,12,10,11,3,7,2,8,1]
116 [5,36,47,100,81,17,8,42,50,45,74,29,30,35,31,73,55,33,75,46,71,60,77,43,25,80,85,94,63,87,28,16,38,79,52,84,89,12,86,48,41,22,62,49,88,51,69,9,56,54,44,3,15,23,21,53,98,101,82,57,58,10,20,19,70,78,11,14,7,32,65,68,24,91,95,76,26,93,37,90,27,1,6,99,18,34,59,83,92,97,39,64,2,61,67,13,72,4,66,96,40]
117 [4,8,1,3,2,9,10,11,5,13,7,12,6]
118 [51,46,30,2,40,3,41,49,12,19,35,5,43,28,52,50,37,48,23,20,11,16,29,13,7,33,45,47,22,24,21,44,10,42,14,18,4,9,6,36,31,15,1,27,8,25,38,34,17,53,26,32,39]
119 [2,1]
120 [10,7,1,11,12,4,6,15,14,5,9,8,13,2,3]
121 [10,5,23,7,38,14,40,39,6,32,22,15,42,16,29,48,12,31,28,35,13,21,27,49,25,17,19,4,46,36,8,43,18,30,1,2,45,34,24,47,26,37,41,3,11,9,20,33,44]
122 [5,2,4,1,3,6]
123 [3,20,11,1,2,14,10,23,24,15,19,6,22,16,9,21,18,17,13,7,12,25,4,5,8]
124 [14,11,2,8,13,4,3,1,16,15,9,12,6,17,7,10,5]
125 [1,3,2,5,4]
126 [17,15,5,26,33,6,12,16,22,24,14,30,37,2,7,11,10,25,29,20,9,28,4,32,3,27,23,21,34,13,8,36,35,1,18,19,31]
127 [2,1]
128 [92,2,69,40,55,57,28,6,103,37,68,81,78,90,47,97,89,61,56,96,102,19,75,32,63,101,39,54,21,43,50,108,22,91,58,34,18,82,84,95,71,33,83,44,64,29,8,85,11,100,74,49,80,66,77,7,26,70,93,48,24,107,105,59,4,76,53,1,10,41,17,36,25,3,20,60,109,13,14,72,31,98,15,88,9,46,73,5,27,30,52,35,94,51,38,23,42,86,79,106,16,99,87,45,65,62,12,67,104]
129 [1,2]
130 [4,3,10,1,9,14,11,5,12,2,7,6,13,8]
131 [3,10,6,5,12,1,9,7,13,4,14,11,8,2]
132 [3,4,6,9,7,1,5,8,2]
133 [1,2,4,5,3]
134 [1,5,2,3,4]
135 [2,1]
136 [4,12,5,6,11,15,10,27,30,25,31,17,2,19,33,8,21,3,18,22,28,13,29,20,14,32,26,1,7,24,23,16,9]
137 [3,4,2,5,1]
138 [4,10,19,3,22,8,11,21,1,5,26,14,15,17,25,23,16,6,9,7,2,20,13,24,12,18]
139 [3,7,15,5,6,10,16,2,11,1,12,8,14,13,9,4]
140 [33,16,29,10,24,14,37,21,23,19,27,5,2,13,22,3,34,9,4,20,1,11,18,25,26,30,35,8,17,32,28,6,15,36,12,7,31]
141 [16,35,11,28,15,6,2,32,29,27,34,44,20,46,42,14,26,9,22,31,10,17,5,25,43,4,37,7,19,18,1,45,36,13,38,12,21,39,30,3,40,23,33,41,8,24]
142 [131,34,19,92,60,93,46,35,87,18,58,57,150,9,45,81,90,96,69,13,149,82,44,2,78,123,26,108,4,139,121,49,6,37,15,24,53,107,110,142,137,101,38,12,85,109,114,113,100,52,106,103,91,40,143,25,59,36,116,79,111,48,105,1,71,144,153,47,66,62,86,33,126,80,76,125,104,83,135,65,102,122,147,50,155,132,77,98,117,134,17,129,43,41,39,68,95,51,130,94,32,120,74,99,112,31,70,127,119,27,154,8,75,14,118,84,72,7,56,5,145,30,21,20,140,128,61,124,28,151,88,22,23,10,136,146,152,64,3,115,148,89,11,63,141,54,29,97,67,16,138,42,133,55,73]
143 [12,23,19,25,15,6,14,9,3,11,17,26,1,24,16,13,22,7,20,10,18,5,8,4,21,2]
144 [9,11,38,69,13,1,10,30,25,50,73,45,75,55,56,8,76,23,44,29,59,46,2,5,39,33,48,79,77,16,87,47,14,61,7,72,12,26,20,65,74,60,42,3,19,15,22,32,43,53,17,84,28,71,78,24,51,57,85,68,40,86,81,82,52,58,18,37,4,27,34,54,80,31,64,36,35,67,83,41,63,49,66,21,62,70,6]
145 [1,7,6,2,10,3,8,9,4,5]
146 [1,2]
147 [25,1,32,74,4,26,49,73,15,89,3,42,53,54,30,63,50,6,88,28,16,20,52,37,47,78,81,14,35,2,83,21,64,23,9,24,5,70,82,17,27,33,66,62,77,45,51,75,46,10,29,31,18,44,22,76,71,48,90,86,67,38,55,8,68,59,92,57,65,36,69,39,43,56,60,19,61,85,87,41,79,13,84,12,80,72,91,58,34,40,11,7]
148 [1,7,9,4,5,2,3,8,6]
149 [4,1,3,2]
150 [25,20,5,21,3,23,41,14,42,34,1,9,2,27,4,39,11,17,40,28,13,31,26,22,18,35,7,32,12,38,30,16,15,19,29,6,36,33,8,24,10,37]
151 [9,17,12,6,14,8,13,15,19,5,7,11,10,3,4,18,1,2,16]
152 [5,60,47,22,109,111,66,91,34,17,87,11,6,95,32,9,100,73,54,108,41,104,71,110,45,14,82,24,114,48,80,58,1,88,36,10,96,42,8,107,93,26,46,56,33,101,92,52,2,50,67,68,49,15,55,81,19,105,23,30,76,25,51,74,79,35,44,63,62,40,86,103,112,75,39,98,21,20,4,53,16,31,77,28,13,102,94,70,97,83,84,85,69,57,37,38,78,90,7,29,64,99,89,113,43,65,27,106,72,61,59,12,3,18]
153 [7,8,3,6,2,9,1,4,5]
154 [2,5,8,4,7,6,1,11,9,10,3]
155 [8,5,26,2,64,7,15,16,50,20,38,62,52,39,31,42,40,10,59,55,23,57,63,22,13,41,19,36,21,45,32,51,24,12,58,44,47,37,4,18,17,1,3,6,56,28,30,49,34,9,60,11,25,54,48,43,35,29,53,27,46,33,14,61]
156 [21,24,27,8,7,47,11,25,42,32,45,17,31,43,18,19,38,35,28,46,26,15,51,34,4,2,36,12,41,48,20,29,5,30,23,22,44,6,49,40,10,9,16,33,13,3,37,14,39,50,1]
157 [20,31,2,37,36,1,16,25,32,13,27,22,40,24,15,7,28,8,14,21,18,39,30,29,41,10,33,17,23,38,6,9,5,34,4,19,12,35,11,26,3]
158 [22,23,11,35,40,31,15,39,18,7,41,4,33,26,28,6,2,16,25,29,37,17,27,5,8,30,20,1,38,42,36,9,12,34,13,19,32,24,14,10,3,21]
159 [2,3,5,4,1]
160 [5,22,14,12,24,7,11,4,6,13,20,17,18,2,19,8,3,15,9,10,1,23,16,21]
161 [11,10,2,1,12,4,6,7,3,5,8,9]
162 [7,3,9,13,17,1,20,21,8,10,5,11,12,14,4,16,2,22,19,15,6,18,23]
163 [11,24,39,30,27,6,31,10,49,20,1,19,38,53,35,28,18,32,26,52,60,25,40,45,2,12,15,54,23,4,37,8,14,57,9,59,3,5,17,43,34,21,46,13,56,36,33,51,44,16,22,50,48,47,42,55,29,58,41,7]
164 [2,5,6,3,9,10,8,7,4,1]
165 [2,1]
166 [73,75,17,9,8,6,42,45,19,65,50,79,82,76,66,64,72,58,74,12,87,2,68,86,59,62,85,88,83,71,84,51,20,26,70,3,80,78,63,43,52,69,7,77,27,38,44,39,60,24,22,56,37,81,36,10,14,5,13,57,67,47,41,28,30,31,32,40,54,18,1,61,55,11,34,35,53,48,4,49,15,23,33,21,29,46,25,16]
167 [63,44,76,41,80,34,2,67,17,65,82,64,39,3,74,21,23,49,1,52,70,93,30,20,26,36,50,84,31,77,91,90,7,42,28,59,81,58,86,72,14,4,33,47,61,10,79,12,9,11,88,19,66,62,25,54,73,8,16,57,24,22,43,37,27,71,40,32,51,48,55,68,46,45,60,69,78,15,29,83,85,87,56,6,5,75,92,35,53,18,89,13,38]
168 [5,8,16,38,11,4,40,29,19,1,6,28,34,35,39,12,3,14,32,10,22,31,36,24,37,20,15,23,21,30,17,18,9,7,27,25,2,26,33,13]
169 [4,1,2,3]
170 [15,14,18,12,8,9,13,3,1,4,5,10,17,11,2,7,16,6]
171 [26,18,1,28,22,17,23,20,9,10,16,11,3,8,13,7,5,14,6,4,2,15,25,27,24,12,19,21]
172 [49,47,11,44,59,22,30,2,46,5,1,7,36,67,51,73,26,39,65,18,14,62,9,3,72,12,15,70,27,57,71,25,34,74,31,68,40,20,54,21,38,75,17,4,52,13,42,55,33,29,32,19,50,37,41,66,45,58,60,8,10,43,23,61,56,28,48,16,53,6,63,24,35,69,64]
173 [2,8,4,1,3,9,6,7,5]
174 [80,60,55,74,14,44,46,37,30,85,27,86,2,17,3,9,28,66,42,10,77,38,45,19,87,91,63,11,48,61,15,92,23,54,56,43,41,4,65,73,88,40,31,67,49,59,79,8,32,34,81,26,51,12,90,83,24,21,1,69,16,72,22,76,29,64,36,75,35,82,53,62,57,71,70,33,47,58,25,20,68,39,6,13,5,7,50,18,52,84,89,78]
175 [54,45,8,46,15,21,20,33,36,4,14,48,24,23,31,25,28,9,49,59,17,41,35,13,18,26,58,60,30,55,6,27,37,10,47,11,50,19,5,52,43,42,22,32,51,1,57,53,40,39,3,29,56,2,16,38,44,34,12,7]
176 [14,26,19,13,2,3,25,8,4,20,18,12,6,23,7,9,5,24,16,17,1,21,10,11,22,15]
177 [8,19,12,20,22,17,16,6,23,24,3,5,21,11,14,2,15,13,18,4,10,1,9,7]
178 [7,2,5,11,6,9,10,1,3,8,4]
179 [23,14,19,18,12,20,17,22,13,15,2,1,10,9,3,5,8,11,21,6,4,7,16]
180 [7,2,4,8,9,11,1,5,3,10,6]
181 [11,9,8,2,3,1,6,5,7,10,4]
182 [12,10,7,13,14,2,9,15,8,3,4,16,5,1,17,11,6]
183 [3,6,4,1,5,2]
184 [4,22,7,14,9,17,23,10,19,13,12,18,5,3,11,15,28,20,8,16,21,24,6,30,1,27,2,29,26,25]
185 [12,16,9,25,4,29,7,26,23,14,24,22,8,15,1,5,32,33,3,6,20,30,11,17,18,31,27,19,13,2,21,10,28]
186 [5,3,2,6,4,10,8,9,15,13,1,14,7,11,12]
187 [4,5,1,3,2]
188 [207,129,192,215,52,6,179,244,214,29,9,113,121,44,164,126,166,128,241,38,74,64,168,26,125,30,110,142,251,127,66,180,124,249,213,171,225,211,172,111,190,138,100,204,61,245,119,159,149,87,169,106,134,18,59,145,95,12,130,25,146,70,151,223,205,253,153,76,72,230,123,112,49,178,45,193,135,170,67,154,3,35,250,85,56,103,47,184,232,195,60,89,24,139,83,40,71,258,132,226,7,5,236,222,114,108,183,210,97,140,200,33,27,41,199,19,260,228,224,2,157,105,4,136,46,55,53,259,107,39,21,177,90,173,68,255,141,158,116,212,203,13,98,219,73,14,254,15,191,16,36,101,31,189,99,187,238,69,143,182,77,133,174,252,147,196,48,8,117,32,51,201,176,65,261,54,237,242,220,122,22,263,92,17,229,231,185,150,75,28,57,78,42,209,235,50,1,175,148,80,63,23,82,161,165,202,81,248,240,221,115,144,217,62,96,163,91,155,167,234,86,216,160,11,79,243,152,10,131,84,102,120,20,186,94,208,37,262,156,162,197,34,233,227,104,256,118,58,109,88,93,137,257,43,194,246,239,247,218,188,206,181,198]
189 [1,2]
190 [1,10,5,88,37,16,2,53,11,6,43,60,39,28,63,94,80,19,55,95,41,78,27,38,58,83,102,65,26,85,48,50,92,90,97,93,71,3,25,51,69,86,82,15,75,42,36,91,54,52,4,33,61,56,67,17,46,20,47,8,21,101,29,70,44,100,45,79,74,24,7,34,89,13,68,32,23,22,18,72,14,103,31,77,98,40,9,49,66,59,76,35,73,30,81,62,12,96,99,57,87,64,84]
191 [33,6,55,18,28,9,27,44,4,15,30,50,49,21,52,10,1,5,22,54,29,56,32,3,11,41,40,23,46,53,42,20,43,47,16,25,48,35,37,12,26,19,14,13,51,24,38,2,36,8,7,39,31,17,45,34]
192 [7,19,13,8,3,17,10,1,2,4,5,12,16,14,6,20,11,18,9,15]
193 [23,39,76,110,24,31,83,13,100,34,14,96,19,50,48,68,95,102,58,69,8,82,52,9,90,107,111,93,62,103,25,72,84,38,61,101,28,47,36,35,20,29,56,17,106,78,79,57,65,10,49,99,87,64,67,70,26,59,89,53,32,108,63,91,40,3,5,43,74,44,71,21,60,105,88,109,41,98,33,27,97,7,55,92,54,86,85,45,15,81,66,1,37,80,51,11,77,30,73,94,46,22,6,16,75,2,4,18,104,12,42]
194 [15,71,26,45,10,62,21,32,47,60,25,5,70,42,68,79,29,64,8,66,3,36,31,51,13,39,52,7,58,18,50,59,69,49,44,40,55,48,12,24,54,11,41,61,1,16,67,2,9,23,4,30,6,56,72,73,28,43,63,53,74,34,37,20,77,27,38,17,22,75,33,78,14,19,57,46,35,76,65]
195 [7,32,31,1,3,19,28,30,37,9,25,35,23,4,27,5,8,15,18,17,34,16,36,22,26,20,6,10,21,12,11,13,29,2,14,24,33]
196 [28,14,47,2,45,7,50,64,13,62,23,49,27,48,32,55,25,61,10,12,41,20,6,38,3,54,36,57,60,1,8,65,5,26,15,35,43,56,59,18,9,34,4,40,24,31,44,42,29,46,37,51,66,22,17,53,33,16,39,52,63,19,58,30,11,21]
197 [3,4,2,6,1,5]
198 [4,10,8,13,7,15,6,3,12,16,9,14,5,17,11,1,2,18]
199 [6,1,5,7,10,2,4,8,3,9]
200 [19,11,8,10,38,40,35,47,16,18,5,34,46,26,4,3,43,25,44,1,30,12,20,7,14,49,39,24,42,22,28,36,15,29,31,33,37,45,41,21,23,2,27,17,32,6,13,48,9]
201 [1,35,6,14,23,12,30,26,8,37,7,13,2,17,33,5,28,21,24,16,22,3,29,15,18,34,36,27,32,19,9,20,25,4,31,11,10]
202 [8,45,18,34,11,43,14,37,10,20,7,12,6,2,31,44,21,25,40,16,1,17,42,15,36,41,3,19,32,29,23,35,27,5,39,30,28,46,26,33,22,9,13,24,38,4]
203 [2,1]
204 [2,4,5,3,1]
205 [9,11,1,8,4,3,5,12,7,10,2,6]
206 [58,22,45,73,46,40,55,27,25,8,39,32,48,66,7,17,67,9,28,71,37,69,52,11,77,62,34,13,44,76,54,3,57,35,12,78,6,63,41,2,49,33,64,30,31,42,21,18,19,1,43,26,47,60,51,70,5,4,10,23,38,14,68,24,36,74,20,56,29,72,59,75,15,65,16,50,61,53]
207 [19,22,13,17,9,7,16,27,1,24,20,12,6,11,14,18,26,5,15,21,25,3,10,2,8,4,23]
208 [21,22,29,14,30,2,23,10,3,8,12,7,17,34,24,28,31,27,15,19,1,13,35,33,4,18,32,6,25,11,5,20,26,9,16]
209 [8,7,10,11,1,3,6,4,9,5,2]
210 [5,43,42,47,11,56,31,49,51,29,12,58,50,44,1,59,9,53,22,36,52,46,45,17,28,10,16,4,54,38,19,23,25,15,57,3,21,30,32,37,24,26,40,34,35,41,20,2,13,48,7,39,33,6,55,14,27,8,18]
211 [28,11,25,7,8,18,30,32,15,27,33,31,35,12,10,24,21,29,36,16,22,20,3,6,9,2,5,1,26,23,17,38,34,19,4,14,37,13]
212 [19,15,30,32,28,5,31,10,17,14,11,16,4,26,9,8,13,6,25,23,21,27,18,3,22,2,1,20,29,24,7,12]
213 [5,31,16,46,79,49,72,8,48,65,27,47,98,92,62,34,84,95,93,29,97,30,64,1,43,44,61,7,10,77,58,12,54,60,6,82,74,26,73,15,28,21,32,25,38,4,9,39,35,75,63,88,69,52,53,59,18,71,41,81,22,85,83,3,67,19,2,50,36,37,23,17,33,89,78,40,51,56,45,66,76,24,68,11,70,90,96,20,91,80,55,13,94,42,86,14,87,57]
214 [7,1,2,8,5,6,3,4]
215 [8,12,9,5,3,6,10,11,7,1,2,4]
216 [5,3,9,8,10,4,6,2,7,1]
217 [39,64,54,14,60,34,12,35,4,20,80,3,8,53,43,126,65,118,11,36,42,115,68,17,67,44,109,123,7,27,114,86,16,78,57,111,76,87,116,1,84,56,104,41,23,10,58,52,101,121,129,40,95,122,71,62,46,97,100,33,127,125,102,94,89,77,70,81,103,5,28,22,119,55,73,13,9,6,59,38,120,2,83,32,110,92,105,128,107,69,47,124,98,48,19,49,15,88,29,66,31,85,18,79,50,106,37,75,112,72,51,99,91,21,82,63,25,93,24,61,30,26,113,96,108,90,45,74,117]
218 [19,60,12,33,27,34,66,72,42,22,18,50,39,29,65,43,20,53,8,64,56,37,10,13,23,5,1,59,63,55,2,41,28,70,36,4,26,25,61,68,47,15,44,7,14,40,35,46,62,38,30,48,17,9,67,16,69,24,57,58,3,6,21,11,31,71,54,52,49,32,45,51]
219 [6,30,4,70,1,76,7,25,48,91,59,39,34,8,78,44,95,46,41,11,72,80,15,54,81,50,36,60,26,2,31,24,93,74,56,18,94,19,29,62,85,63,38,64,21,13,40,10,37,12,99,52,57,88,43,27,23,14,68,75,22,66,67,86,65,98,87,82,90,51,32,92,58,17,83,49,33,3,89,35,79,73,77,9,84,16,42,53,5,96,69,20,47,45,55,28,71,61,97]
220 [6,2,16,13,5,9,12,1,11,3,10,7,19,18,17,14,15,4,8,20]
221 [10,19,7,14,12,1,5,11,3,18,20,9,4,21,8,17,15,13,22,2,6,16]
222 [3,8,11,4,10,1,5,2,7,6,9]
223 [9,10,6,2,8,4,11,1,3,5,7]
224 [2,7,5,6,1,4,3]
225 [3,24,25,8,28,5,15,30,9,12,22,27,32,10,23,14,1,2,13,16,31,17,19,21,7,4,6,26,29,11,20,18]
226 [1,32,18,10,4,25,29,20,11,8,13,9,21,28,26,6,27,3,24,15,22,31,30,14,2,7,23,12,19,16,17,5]
227 [9,59,49,3,58,4,28,84,6,53,40,45,27,10,18,64,42,68,67,76,81,63,61,48,55,12,31,51,80,5,22,1,82,54,16,30,57,47,78,41,26,34,52,2,39,62,56,29,20,24,37,15,21,8,79,72,50,73,33,32,83,44,66,35,43,13,11,23,60,38,7,69,70,36,17,75,14,46,19,71,25,77,65,74]
228 [6,2,1,5,7,3,4]
229 [33,52,14,94,87,81,104,3,38,57,53,90,23,13,7,21,36,67,32,46,37,65,5,63,100,44,40,88,47,34,28,18,24,17,9,22,1,103,16,84,8,73,6,95,68,51,50,25,12,29,56,78,89,59,41,15,72,31,60,98,35,80,19,61,39,42,91,10,70,49,74,97,11,82,92,26,83,75,48,76,102,93,27,30,43,77,54,79,69,66,101,55,62,86,58,2,4,45,20,96,71,64,99,85]
230 [5,10,12,14,11,6,9,2,7,4,8,13,1,3]
231 [8,6,3,4,1,7,5,9,2]
232 [58,68,12,39,34,75,42,56,50,3,40,62,48,26,47,85,36,9,46,44,78,23,7,65,41,33,83,13,60,52,10,15,30,59,11,38,43,1,55,77,14,54,87,16,66,67,80,6,72,31,79,81,82,49,17,5,70,2,69,74,63,24,21,19,25,8,27,45,32,18,57,86,53,4,64,28,22,20,37,29,71,76,61,73,51,84,35]
233 [25,43,23,20,15,14,35,34,11,24,19,13,26,9,40,21,32,38,12,3,8,2,30,45,1,18,31,17,7,4,16,10,42,29,27,33,28,5,22,41,44,6,37,36,39]
234 [15,49,17,41,39,43,16,24,22,21,53,13,59,32,26,36,35,19,52,37,11,6,12,23,14,27,38,46,3,48,54,42,1,9,31,18,29,7,2,40,50,30,34,25,28,57,44,47,10,33,5,8,58,55,56,20,4,51,60,45]
235 [68,57,2,44,35,4,9,28,33,27,92,82,11,16,47,37,64,79,38,93,58,48,12,17,88,89,14,56,63,5,54,99,59,66,25,60,52,34,85,94,96,18,43,80,7,98,53,6,61,97,46,49,90,42,83,39,30,77,29,51,69,95,65,20,41,74,55,26,22,19,84,15,70,13,1,87,81,8,32,62,31,50,36,21,67,24,23,45,75,78,71,73,72,76,86,40,3,91,10]
236 [2,10,11,1,6,9,3,5,8,7,4,12]
237 [9,7,6,5,8,1,10,3,4,2]
238 [42,31,22,38,7,49,41,36,43,24,25,52,8,23,4,44,1,5,26,29,10,14,32,9,45,13,37,35,3,2,47,12,40,20,34,11,19,18,46,30,50,33,28,27,51,15,21,16,17,39,48,6]
239 [108,79,16,86,67,109,45,38,27,65,83,62,115,22,99,33,15,107,127,46,50,122,58,17,90,8,39,36,72,128,124,125,78,5,4,59,77,71,68,123,55,3,41,10,80,118,32,25,14,88,42,82,93,105,106,29,73,30,102,51,48,110,31,1,7,98,101,111,57,63,116,18,117,20,87,56,84,54,66,37,76,6,43,70,96,119,21,95,126,69,91,53,61,120,89,94,24,85,114,40,113,64,75,19,28,12,44,92,49,34,104,121,81,60,52,100,35,23,47,103,74,97,9,26,13,112,2,11]
240 [1,29,18,30,15,14,20,27,24,11,2,31,16,25,9,5,28,13,8,26,17,21,3,23,4,22,10,12,6,7,19,32]
241 [3,6,7,5,1,4,2]
242 [2,1]
243 [10,1,9,7,5,3,6,4,2,8]
244 [3,12,60,13,55,11,32,6,48,23,52,21,37,8,24,19,35,36,2,31,33,57,15,46,54,53,56,39,42,29,26,38,1,25,45,59,9,10,20,43,5,14,22,16,28,40,49,50,4,18,51,61,34,17,41,58,7,27,44,30,47]
245 [8,1,10,6,11,3,5,4,7,9,2,12]
246 [32,28,27,10,21,16,9,25,29,18,14,11,33,38,2,41,34,8,5,13,31,6,12,40,36,26,4,35,3,37,24,19,17,15,30,39,7,20,22,1,23]
247 [21,8,1,14,11,12,17,18,7,15,3,5,13,16,6,10,2,4,20,19,9]
248 [23,16,33,29,1,4,39,31,24,11,5,17,27,18,35,44,19,47,36,7,32,45,6,28,46,43,41,15,30,48,9,8,25,22,21,20,13,37,38,2,3,40,10,14,12,34,42,26]
249 [24,22,80,33,91,19,52,99,71,40,12,63,98,55,31,94,10,93,32,30,101,54,42,46,14,47,90,72,37,28,95,104,44,82,65,34,100,83,79,39,61,41,96,13,23,6,81,2,62,73,97,57,4,86,88,70,20,45,76,36,7,87,11,56,1,75,89,49,59,67,53,69,103,58,25,77,29,68,8,3,15,60,92,27,64,48,102,5,85,17,16,74,26,84,51,50,21,18,78,66,38,9,35,43]
250 [2,3,8,1,7,4,11,9,10,6,5]
251 [4,7,1,2,5,6,3]
252 [2,8,7,4,1,5,6,3]
253 [14,67,66,17,7,50,65,59,11,64,5,25,43,1,12,45,37,30,63,42,34,60,18,6,9,55,40,57,53,2,10,8,44,33,49,13,15,38,16,39,26,32,61,46,48,31,51,35,3,4,56,24,62,36,27,21,58,19,47,20,54,23,52,29,22,41,28]
254 [11,82,65,44,74,94,57,14,73,24,85,78,84,93,19,83,21,16,10,12,40,56,48,39,42,54,70,58,64,96,33,92,38,49,3,20,17,87,91,47,23,60,8,99,7,4,31,88,97,90,15,62,81,69,51,5,2,76,32,41,55,75,18,22,66,29,37,26,13,95,86,25,43,61,46,30,72,89,79,77,50,80,98,59,34,6,67,52,9,71,27,45,63,1,28,35,68,53,36]
255 [60,63,6,13,30,70,7,1,47,31,65,36,17,62,20,44,18,37,61,64,22,10,26,48,33,69,35,12,56,14,53,29,34,32,50,40,5,66,39,16,27,25,58,51,42,38,57,67,8,28,59,11,19,41,9,54,21,52,4,46,49,2,55,23,45,43,3,24,15,68]
256 [82,55,28,74,15,83,58,127,43,78,116,24,30,41,44,3,88,113,65,46,87,45,104,111,9,4,17,123,64,126,67,18,16,62,12,97,115,119,124,100,70,1,125,14,69,56,84,81,96,89,19,54,49,6,99,26,42,63,50,39,77,91,109,36,35,59,66,79,23,129,29,86,76,10,7,13,2,11,47,40,32,8,75,112,94,121,48,90,25,114,33,122,110,34,117,85,52,105,93,31,80,37,118,101,21,60,27,22,92,108,98,61,57,95,5,128,102,73,51,107,20,68,106,72,103,53,38,120,71]
257 [21,55,15,48,36,8,32,39,3,4,25,45,53,69,13,27,2,65,46,50,22,11,23,14,64,38,52,10,62,47,17,44,42,18,7,6,61,30,20,59,34,51,35,28,41,40,63,57,31,68,54,16,43,12,33,37,29,26,9,56,58,24,1,60,19,49,66,67,5]
258 [34,45,26,31,9,38,1,6,30,15,24,32,29,22,21,35,10,12,5,25,42,20,46,27,2,43,11,39,7,36,17,23,13,16,28,8,4,19,44,3,14,18,40,33,37,41]
259 [4,2,1,3]
260 [2,8,9,4,1,10,3,6,5,7]
261 [44,32,54,1,47,43,12,33,28,46,48,39,15,22,2,29,51,8,59,26,53,24,25,10,42,13,41,14,30,20,11,45,34,18,3,4,61,23,9,55,19,49,56,60,5,17,27,36,57,40,6,38,62,50,52,58,16,21,35,31,37,7]
262 [3,2,1,5,4]
263 [1,2,8,5,4,9,6,7,3]
264 [114,83,38,79,70,73,18,101,12,44,87,71,68,85,75,32,104,107,108,37,99,22,65,51,47,55,15,78,28,105,94,86,49,80,19,90,97,76,33,69,60,112,64,53,91,17,84,110,24,96,48,102,66,113,10,27,5,72,3,58,106,16,8,30,29,103,111,52,39,34,31,100,67,23,89,77,14,62,82,46,41,95,13,74,63,11,2,98,81,92,54,1,109,45,59,40,61,21,56,88,20,43,42,7,50,25,26,36,35,93,57,6,4,9]
265 [21,13,20,10,26,8,16,5,12,7,14,1,6,17,25,15,24,2,19,3,9,18,22,4,23,11]
266 [12,21,8,17,14,22,23,19,10,1,13,6,24,7,18,3,11,2,5,4,20,15,16,9]
267 [7,23,14,30,8,28,19,20,16,27,10,17,5,1,22,15,3,13,2,18,9,6,29,26,25,11,12,4,21,24]
268 [11,7,20,12,29,3,30,26,14,4,13,10,22,8,18,25,2,19,24,16,23,15,6,21,17,28,27,9,5,1]
269 [45,16,70,47,41,52,50,32,69,7,14,61,64,24,26,46,1,19,58,5,51,66,59,44,8,36,3,60,54,17,39,30,2,21,33,37,27,25,23,73,38,65,20,4,63,35,15,55,48,68,62,10,6,34,42,22,75,56,74,9,57,31,72,11,40,12,28,43,67,53,29,71,13,49,18]
270 [52,41,1,51,27,49,21,48,24,5,50,38,22,30,18,34,28,23,36,11,33,14,6,31,29,45,19,16,37,53,2,20,43,4,40,9,54,42,3,35,7,10,13,32,26,47,44,55,39,17,8,46,15,12,25]
271 [11,2,5,8,33,15,25,14,29,30,18,9,16,19,31,7,3,28,17,23,22,20,4,21,13,26,27,32,12,1,34,10,24,6]
272 [23,1,21,20,52,65,26,31,72,68,33,18,46,38,67,13,35,62,48,51,49,66,11,2,12,60,5,50,71,47,16,19,22,8,56,41,40,36,45,63,55,53,69,3,30,61,14,64,37,29,4,42,25,24,32,17,6,15,34,57,7,59,10,44,73,28,70,9,54,39,43,27,58]
273 [2,1]
274 [40,46,34,43,50,12,6,27,33,30,15,2,32,23,53,45,36,37,42,56,26,20,29,11,54,35,49,51,7,55,16,4,18,10,3,14,13,28,52,24,44,9,8,21,5,1,38,47,57,25,22,17,39,19,48,31,41]
275 [21,12,7,13,17,5,1,10,22,4,11,6,14,9,18,3,20,16,8,2,19,15]
276 [35,4,7,5,36,41,52,27,8,50,72,54,60,45,24,37,43,33,47,14,53,16,66,3,11,65,62,25,12,26,59,44,70,57,67,64,20,2,34,55,10,56,51,19,9,42,39,46,68,61,71,40,15,32,23,18,13,6,49,58,22,17,21,29,38,28,30,69,63,48,31,1]
277 [6,1,8,3,2,4,5,9,10,7]
278 [2,9,25,28,14,3,4,21,33,24,8,35,5,23,7,20,32,31,36,30,26,1,10,29,17,27,34,16,6,13,18,15,38,37,19,12,22,11]
279 [3,7,12,4,2,9,5,16,10,6,15,11,14,1,17,8,13]
280 [2,3,5,4,1]
281 [1,15,23,11,29,19,27,6,24,2,4,10,22,12,17,30,14,7,13,16,21,20,25,8,28,5,3,9,26,18]
282 [20,67,39,33,51,28,42,14,26,8,125,30,80,101,38,21,49,116,7,75,120,18,103,60,13,59,64,27,48,131,36,111,70,44,71,5,82,104,123,113,29,31,68,93,17,92,11,72,45,121,118,122,22,6,90,91,73,89,77,98,81,54,46,16,19,62,78,83,35,10,47,127,130,37,106,40,55,88,124,74,63,56,1,53,12,117,23,129,25,107,102,79,2,95,43,41,57,24,76,85,66,112,97,96,86,65,52,108,105,115,4,126,128,99,61,110,32,114,58,50,3,15,87,119,94,109,100,34,84,69,9]
283 [1,2]
284 [134,121,39,86,140,37,2,127,153,107,81,61,55,114,53,110,83,51,148,139,108,136,144,48,90,161,89,160,137,132,75,156,8,85,124,32,152,58,130,42,22,96,117,3,138,150,11,1,155,9,46,149,116,10,35,5,30,105,146,29,68,45,74,40,41,21,38,112,104,98,4,13,56,17,67,24,50,99,60,59,145,154,80,106,79,62,94,77,15,20,128,82,135,73,102,91,115,122,101,64,36,84,129,78,147,33,71,95,113,19,25,93,109,87,52,44,26,143,103,162,70,49,111,141,158,27,151,54,126,23,47,157,43,88,28,100,118,18,120,31,142,131,57,66,16,119,65,34,63,159,125,97,12,7,69,76,72,6,14,92,123,133]
285 [1,19,14,16,6,3,12,10,5,7,22,9,17,13,23,8,11,18,21,4,15,20,2]
286 [18,22,32,7,21,3,12,38,24,6,33,14,11,15,4,20,37,19,34,17,16,31,36,8,13,26,10,25,1,5,30,27,29,9,35,23,2,28]
287 [5,3,6,8,9,4,1,2,7]
288 [10,30,51,66,19,63,72,53,12,23,59,43,41,18,29,45,16,50,11,67,55,7,73,37,48,40,26,20,44,28,62,6,42,68,60,3,9,61,46,5,1,24,34,31,32,47,64,54,4,17,57,14,49,38,21,58,25,36,71,65,52,70,35,15,8,2,56,39,13,33,27,69,22]
289 [26,45,34,44,43,14,12,1,19,6,16,4,7,39,49,22,20,48,10,11,24,40,18,13,33,23,35,36,21,17,31,41,8,25,29,9,2,46,5,30,42,47,37,32,15,27,28,38,3]
290 [22,58,18,61,45,44,36,67,43,55,66,52,15,54,6,25,46,53,16,5,60,51,73,64,1,28,34,31,35,33,3,32,68,24,12,23,72,29,21,27,47,59,4,69,19,26,50,17,30,10,11,39,56,37,70,63,42,57,71,20,14,2,9,65,13,41,8,49,40,7,38,48,62]
291 [6,4,7,2,1,5,3]
292 [1,12,13,2,9,11,10,7,3,4,8,5,6]
293 [13,1,58,39,22,19,12,26,63,27,31,41,32,2,60,40,8,28,18,25,45,36,33,10,6,62,38,61,20,23,66,15,4,17,3,7,43,30,29,42,55,37,54,44,64,11,47,24,71,56,65,9,16,67,34,69,57,53,14,49,52,5,50,68,59,35,48,51,21,70,46]
294 [15,31,3,41,22,35,45,6,8,19,32,12,25,17,30,40,42,33,9,14,1,20,34,4,23,11,44,28,7,43,24,16,29,27,21,37,18,5,2,26,36,39,38,13,10]
295 [5,6,2,11,1,3,9,10,7,4,8]
296 [3,4,1,2]
297 [9,4,1,3,8,11,6,7,10,5,2]
298 [4,11,13,27,3,6,17,12,9,18,5,30,14,33,28,29,7,10,31,21,1,34,24,20,26,22,23,32,2,19,25,15,8,16]
299 [17,22,21,18,3,11,5,12,13,14,6,9,20,15,23,7,2,16,19,4,10,1,8]
300 [3,1,2,4]
301 [7,4,3,2,6,1,5,8]
302 [16,108,142,52,182,169,141,242,11,246,173,208,38,83,54,113,17,79,196,4,58,133,159,143,253,99,2,68,183,181,135,132,115,39,118,152,1,94,167,185,22,188,177,218,53,157,254,146,172,107,154,160,247,29,150,106,184,129,35,163,125,13,26,72,111,195,57,158,212,65,191,71,175,138,214,105,213,145,210,117,55,33,153,220,243,12,166,221,81,136,232,70,40,224,230,66,165,86,198,74,174,227,46,87,168,6,31,134,41,62,84,222,207,75,171,226,114,34,256,8,241,139,27,233,73,112,24,45,64,98,249,85,258,164,20,122,236,162,204,186,197,127,200,257,209,237,248,104,240,202,216,235,147,194,51,128,5,120,103,192,88,56,116,244,250,25,19,252,61,21,60,47,203,199,92,91,238,225,206,36,228,100,30,131,109,205,48,43,50,59,78,10,124,23,217,161,77,229,42,101,148,170,201,82,96,155,32,239,119,211,3,110,126,215,93,49,97,178,130,28,156,89,149,137,190,223,144,95,219,245,80,189,251,140,14,176,9,7,121,63,234,102,18,231,255,180,37,187,193,90,67,151,15,69,123,179,44,76]
303 [1,2,3,4]
304 [5,61,20,7,1,44,39,8,18,3,38,2,45,15,56,14,49,51,43,58,24,31,10,28,21,52,19,36,27,34,6,22,16,26,29,13,59,46,40,33,32,41,42,62,55,47,11,50,17,12,57,4,60,35,54,48,30,25,9,37,53,23]
305 [15,5,23,16,6,26,9,17,4,30,27,18,3,31,14,7,12,19,11,28,8,29,13,20,2,21,24,25,22,1,32,10,33]
306 [2,6,5,7,3,4,1]
307 [13,7,11,5,19,12,20,17,3,16,8,2,4,10,22,18,23,15,9,1,14,21,6]
308 [13,9,1,12,6,2,10,7,4,14,8,5,3,11]
309 [1,3,2,4]
310 [53,36,49,2,35,40,38,43,4,7,61,22,66,65,24,20,12,63,19,57,32,14,17,10,11,18,3,41,30,62,50,52,39,56,55,9,64,47,59,44,1,6,25,60,45,28,27,13,23,51,8,33,29,42,31,46,26,67,34,21,5,37,48,15,54,16,58]
311 [6,18,13,2,17,4,7,3,16,20,19,14,8,10,15,1,5,9,11,21,12]
312 [15,75,13,7,8,77,18,23,56,9,70,3,1,24,14,67,54,50,37,25,63,64,61,68,36,80,43,41,82,76,58,45,60,10,66,74,78,62,26,59,51,53,29,11,17,40,49,42,22,21,71,44,5,38,28,47,57,30,46,39,79,35,27,52,16,48,33,4,72,2,6,81,73,34,69,31,83,12,20,19,55,65,32]
313 [30,98,99,4,101,94,44,43,35,103,8,77,22,89,32,17,92,71,2,39,11,24,97,111,52,16,96,12,23,25,86,80,116,9,1,53,82,68,60,59,109,67,5,88,104,73,85,107,47,15,54,65,100,112,79,20,102,76,19,115,57,46,42,18,72,29,75,36,62,63,61,55,105,45,41,38,81,27,93,6,113,13,106,33,83,49,37,7,31,51,10,87,28,78,3,26,74,34,90,56,91,84,21,58,70,48,50,95,69,114,108,64,110,66,14,40]
314 [2,15,10,6,7,14,8,18,20,17,11,3,9,13,12,19,5,4,16,1]
315 [8,6,9,22,21,10,23,13,1,5,14,4,20,18,3,17,19,24,7,15,11,2,12,16]
316 [14,47,9,45,27,29,35,5,6,37,31,43,2,7,12,8,10,41,40,17,23,1,34,38,42,24,18,13,36,28,33,46,32,25,44,26,21,19,20,22,3,30,11,4,15,39,16]
317 [2,1,3]
318 [2,21,17,27,26,10,29,1,3,31,9,16,6,4,20,15,18,14,23,7,5,32,12,8,13,28,22,30,11,24,25,19]
319 [1,2]
320 [4,53,37,34,56,63,40,28,12,19,39,48,62,42,52,46,11,29,18,68,17,8,58,3,38,60,32,26,5,51,44,27,57,50,2,15,16,54,49,41,13,36,55,31,7,64,25,47,35,24,9,43,66,23,61,59,22,30,20,45,10,21,1,67,6,14,65,33]
321 [38,5,35,13,28,32,46,18,30,33,50,8,51,48,16,55,4,47,7,43,45,31,54,42,9,19,34,27,49,3,14,23,40,26,36,20,12,10,17,52,41,11,2,29,1,25,22,39,15,57,53,24,37,44,6,56,21]
322 [55,6,42,8,4,27,56,17,13,58,31,11,51,47,30,26,5,38,49,41,14,12,24,43,20,28,53,15,46,7,40,33,39,16,35,10,3,57,59,45,21,34,52,19,37,23,36,54,29,25,18,48,2,1,50,32,22,9,44]
323 [11,6,8,9,4,1,2,3,5,7,10]
324 [11,10,1,9,5,15,3,14,12,17,2,8,6,7,4,13,16]
325 [27,10,35,20,4,21,6,38,30,51,33,1,61,42,12,63,45,39,49,54,40,46,36,41,68,26,28,8,65,18,13,67,58,48,62,64,25,53,5,14,24,43,44,59,55,11,60,66,22,31,56,16,15,3,37,57,17,2,34,7,52,32,19,29,9,23,50,47]
326 [2,10,9,6,11,4,3,14,17,12,8,7,16,5,18,19,1,15,13]
327 [5,18,6,21,2,8,13,9,12,16,14,20,23,1,7,4,15,11,10,22,17,19,3]
328 [10,5,14,1,20,19,11,2,21,17,8,4,16,7,9,3,12,18,15,6,13]
329 [16,24,20,23,17,41,38,26,35,13,7,28,10,14,25,39,32,33,22,43,12,36,4,11,6,19,2,18,37,45,34,31,21,40,42,44,9,30,8,29,15,3,5,1,27]
330 [9,10,39,3,31,36,25,32,44,27,47,37,11,41,4,5,6,15,18,30,33,24,42,8,17,19,1,48,21,35,49,12,29,7,43,22,40,14,2,45,13,46,38,34,16,23,28,20,26]
331 [6,5,7,4,2,1,3]
332 [88,15,30,47,155,62,138,131,149,63,26,23,90,2,11,121,64,140,97,137,142,158,147,72,175,168,10,13,167,94,58,31,8,60,96,43,112,28,119,117,82,77,6,3,66,132,73,116,105,42,18,179,87,163,144,41,114,50,172,19,67,14,38,44,103,1,75,35,54,148,178,151,154,27,5,84,85,113,164,173,39,57,143,99,86,146,110,98,36,70,7,122,74,93,12,108,120,83,37,46,34,125,139,9,17,53,16,4,22,95,29,136,69,20,80,177,130,59,127,101,55,145,109,115,161,76,141,45,92,24,91,79,65,25,68,106,52,159,160,166,89,165,162,107,171,150,169,176,40,33,135,81,133,111,104,49,51,174,153,21,78,126,48,118,128,124,56,71,102,170,156,123,100,152,32,61,157,129,134]
333 [21,6,26,12,34,28,23,24,4,30,33,39,5,10,35,32,19,17,27,18,8,9,20,37,7,25,13,38,16,11,2,14,31,15,22,29,36,3,1]
334 [3,13,22,23,5,33,27,40,10,9,30,46,26,39,17,4,44,32,21,37,31,29,6,7,2,38,18,12,24,45,15,11,19,35,36,28,43,1,42,14,41,25,34,20,16,8]
335 [31,13,2,20,19,43,40,23,45,5,12,35,6,4,14,38,28,30,27,47,41,16,17,8,42,51,9,1,7,39,18,11,26,52,53,21,3,49,36,10,50,46,29,25,22,44,24,32,15,33,34,48,37]
336 [3,1,4,2]
337 [23,5,8,25,26,13,4,16,6,12,30,9,20,33,10,24,14,22,17,15,27,35,2,29,21,31,32,28,34,3,11,19,18,7,1]
338 [2,7,9,3,5,4,8,10,6,1]
339 [5,10,56,12,19,7,6,50,17,29,8,9,1,30,24,3,36,25,20,15,18,41,34,47,2,37,52,53,11,4,16,14,55,23,22,38,39,43,13,51,42,46,40,45,31,54,35,33,26,44,49,48,27,28,32,21]
340 [5,1,2,4,3]
341 [46,28,11,36,53,50,10,39,20,31,3,15,19,1,6,43,54,52,2,14,5,47,45,24,51,48,44,27,25,21,13,30,38,34,9,18,32,17,23,16,41,4,22,7,42,33,37,40,8,49,29,26,35,55,12]
342 [11,8,10,6,7,5,4,1,2,9,3]
343 [10,20,14,22,4,11,2,7,15,5,16,19,18,17,12,13,3,1,9,6,21,23,8]
344 [65,10,86,18,4,48,29,23,8,19,63,30,87,72,57,69,64,9,56,21,68,66,45,89,94,35,44,62,17,38,34,84,41,90,43,31,6,82,28,74,2,88,14,60,75,83,12,49,54,51,33,46,76,36,39,20,27,40,55,7,25,78,11,91,58,81,52,53,73,24,15,32,42,26,80,59,61,70,77,93,92,1,5,13,95,50,37,47,3,22,85,16,67,71,79]
345 [8,1,7,9,3,2,11,6,5,12,10,4]
346 [5,12,11,10,1,9,3,2,4,7,6,8]
347 [10,4,9,5,11,7,8,2,3,1,6]
348 [26,23,31,28,24,13,5,6,16,27,8,3,22,20,7,12,25,32,9,18,30,1,4,14,10,15,17,19,33,2,34,11,21,29]
349 [2,1]
350 [2,1]
351 [5,18,6,20,2,7,14,10,19,16,13,8,3,12,15,1,11,4,17,9]
352 [29,17,35,28,18,38,6,30,37,42,20,39,12,50,40,11,43,16,7,2,10,1,32,48,23,13,34,31,4,26,8,54,51,21,22,41,25,45,33,36,15,14,53,44,27,19,5,3,49,52,24,47,9,46]
353 [24,21,11,3,26,20,16,29,10,17,14,7,15,27,28,22,18,19,8,25,30,2,6,4,9,5,13,12,23,1]
354 [8,5,23,3,9,24,2,22,1,13,10,12,4,14,25,26,17,20,19,21,18,11,7,16,6,15]
355 [96,68,31,104,97,121,90,61,129,130,70,100,28,2,65,59,6,56,26,46,79,128,106,22,47,86,77,43,29,127,94,52,75,5,93,30,123,48,112,35,32,64,71,73,17,134,133,15,42,4,11,51,92,53,45,41,34,10,18,63,21,7,102,54,72,66,80,69,57,12,124,60,58,109,115,20,55,38,107,67,119,118,125,111,81,16,24,98,33,114,108,1,117,62,39,87,99,37,36,82,110,120,113,78,103,50,105,25,44,122,9,84,85,76,89,74,131,116,3,27,14,95,49,19,101,126,40,23,88,83,132,13,91,8]
356 [1,5,6,3,7,4,2]
357 [3,6,7,1,5,4,2]
358 [54,14,30,11,44,37,45,10,21,31,27,40,47,43,8,17,26,12,46,6,9,23,19,15,5,24,1,2,42,48,20,41,35,32,55,18,38,7,49,3,39,29,22,51,25,16,52,33,34,36,50,28,4,53,13]
359 [30,18,35,39,29,15,14,31,5,4,1,21,40,16,25,45,36,48,37,8,33,22,19,20,10,42,9,6,23,28,32,26,2,11,41,27,13,7,38,12,49,17,3,44,47,46,50,34,43,24]
360 [10,30,55,67,17,1,72,18,75,63,46,32,42,57,60,34,45,64,68,59,24,2,13,49,11,56,35,28,25,9,16,52,58,3,33,20,70,4,21,22,48,54,41,62,38,61,44,50,51,12,53,23,27,31,39,47,7,36,73,69,15,74,29,26,40,6,65,5,19,8,66,37,14,43,71]
361 [23,8,13,31,6,29,32,33,17,36,1,10,7,3,37,11,20,30,21,19,14,25,28,12,18,34,22,9,16,15,5,35,27,4,26,2,24]
362 [9,4,10,5,3,8,2,7,1,6]
363 [2,1]
364 [25,40,21,23,4,32,29,56,49,61,58,1,7,31,28,35,16,15,11,66,24,39,48,59,13,8,3,68,57,54,64,33,52,55,50,46,53,19,30,67,14,69,45,42,9,60,62,12,27,6,26,63,65,37,34,2,41,5,38,44,18,10,43,70,17,51,22,20,47,36]
365 [45,4,66,10,135,49,126,71,125,46,48,122,139,77,124,25,136,104,32,131,85,52,111,65,55,1,108,114,18,63,36,112,47,62,87,82,72,20,7,19,16,41,109,78,96,50,67,34,117,9,101,99,113,26,110,130,92,57,80,98,95,107,29,17,13,93,12,102,21,97,94,31,137,44,6,119,58,35,115,118,70,138,83,100,28,134,2,51,79,81,43,59,103,128,88,54,127,8,116,90,14,123,24,38,76,105,91,56,60,61,42,22,11,27,68,120,15,84,30,141,89,53,37,106,69,129,132,121,75,3,140,133,33,5,23,73,40,74,86,64,39]
366 [58,60,23,46,16,50,39,13,78,35,17,64,7,3,8,71,24,66,27,70,4,10,19,1,36,14,69,77,68,57,31,51,48,21,73,55,2,28,47,18,81,40,32,43,75,59,20,12,49,44,41,65,11,62,6,22,26,34,56,52,30,63,29,5,79,80,53,25,15,67,33,54,45,9,76,72,38,61,37,74,42]
367 [2,6,8,3,4,1,7,5]
368 [37,124,144,14,103,145,90,115,88,10,117,41,9,142,57,22,84,85,80,55,6,19,146,128,64,23,97,73,36,125,27,81,18,59,24,107,113,35,1,32,43,133,5,4,77,139,118,53,29,50,45,67,121,129,95,87,108,52,60,93,119,42,100,49,28,8,17,99,141,47,120,106,3,20,143,130,126,26,82,122,21,39,74,2,104,98,12,76,89,30,70,116,54,83,16,66,135,58,137,94,13,65,109,11,105,101,96,75,138,79,111,31,15,7,71,112,114,51,61,25,102,34,110,127,140,72,78,63,132,33,40,91,123,86,46,136,56,92,38,48,131,69,44,134,62,68]
369 [23,26,9,15,29,24,14,32,2,20,10,17,21,4,18,30,16,5,13,12,22,28,11,36,35,33,6,1,3,8,27,25,7,19,31,34]
370 [12,8,4,3,11,5,7,10,1,6,2,9]
371 [3,14,5,12,15,17,10,11,2,7,16,1,6,18,4,13,9,8]
372 [1,4,5,2,3,7,6]
373 [6,1,9,4,2,5,7,8,3]
374 [58,23,14,8,50,55,9,49,53,15,61,40,16,51,3,11,7,26,42,48,36,63,12,24,46,5,27,64,65,52,21,13,60,19,56,62,44,39,66,25,54,34,29,10,45,31,18,35,28,47,33,30,20,57,41,4,43,37,1,2,32,67,59,38,6,17,22]
375 [64,18,22,10,68,46,39,24,44,27,36,17,11,29,16,49,6,3,86,14,78,35,71,13,38,72,80,21,45,53,67,63,50,55,7,76,43,60,15,77,32,62,59,9,51,2,12,30,87,88,83,41,85,47,61,57,33,26,89,28,66,4,74,56,82,31,34,40,37,58,54,84,23,5,1,8,25,79,75,73,20,70,81,69,42,19,65,48,52]
376 [9,3,8,2,7,1,10,5,4,6]
377 [3,1,2]
378 [20,11,5,8,10,15,36,22,30,33,18,26,25,4,3,7,32,9,38,6,21,23,41,19,13,2,28,34,14,24,17,37,27,31,1,12,29,16,40,39,35]
379 [2,1,4,3]
380 [6,35,5,43,7,12,14,38,20,29,27,22,11,44,42,41,28,17,9,10,16,8,36,39,4,23,26,30,32,25,21,24,13,3,37,31,15,1,2,33,18,40,34,19]
381 [2,4,5,3,1,8,7,10,9,6]
382 [1,2,3,5,6,4]
383 [9,7,10,5,4,11,6,3,2,8,1]
384 [14,22,29,34,27,6,33,30,23,5,26,9,16,8,10,28,15,25,4,32,2,36,19,12,24,1,7,21,35,20,31,13,3,18,17,11]
385 [5,16,21,4,13,23,25,11,1,20,17,22,8,12,10,18,7,15,6,14,2,9,3,24,19]
386 [9,34,15,78,20,55,25,43,56,48,8,35,21,64,50,66,83,5,24,70,42,73,7,28,37,6,85,84,45,72,17,22,77,41,27,12,63,14,60,51,46,52,71,18,32,36,62,87,31,1,2,4,57,58,75,19,81,88,29,16,82,67,80,65,13,86,30,23,74,47,54,11,76,33,39,40,59,26,61,10,69,53,3,44,49,79,68,38]
387 [2,5,3,9,1,7,10,6,4,11,8]
388 [19,2,12,16,20,17,21,14,3,8,15,1,11,22,5,7,10,4,13,9,6,18]
389 [129,4,58,85,97,9,109,119,55,76,35,43,22,73,57,12,59,102,15,122,32,13,126,118,56,64,135,3,123,132,124,48,60,115,81,66,105,61,49,27,80,120,24,5,106,94,23,100,69,37,83,51,88,21,62,95,104,103,107,74,17,117,128,65,11,75,54,63,6,20,50,111,72,28,92,19,96,14,70,30,114,112,42,18,121,134,39,91,16,47,46,34,84,33,131,67,89,7,44,116,82,130,10,36,110,1,26,108,53,127,125,99,133,29,45,87,77,71,31,40,25,8,90,52,41,101,86,98,113,79,78,38,93,68,2]
390 [88,68,51,9,14,73,72,60,4,3,84,16,30,18,89,75,43,105,29,24,27,90,32,2,95,59,77,69,92,62,104,82,23,45,74,26,103,37,6,65,83,96,107,80,22,87,78,12,86,13,41,19,94,56,63,33,36,1,101,98,42,46,97,31,99,81,67,40,61,85,8,91,76,11,106,57,48,66,50,35,52,70,34,49,47,64,54,100,55,17,39,58,38,93,71,44,7,20,21,5,79,28,15,10,102,53,25]
391 [74,78,15,7,32,81,44,52,46,19,29,69,6,33,65,18,57,37,73,41,55,42,48,2,79,83,5,61,66,30,40,17,67,80,24,20,58,16,49,62,86,60,8,34,36,22,50,75,26,56,64,25,27,51,47,76,23,71,21,45,82,39,38,35,43,87,13,63,3,68,77,85,10,11,84,14,59,54,70,31,28,72,53,12,9,4,88,1]
392 [2,3,1,7,4,6,5]
393 [20,40,7,26,13,2,36,37,18,31,39,32,14,47,27,30,12,45,43,16,38,17,49,11,24,46,29,21,9,1,41,42,23,15,35,4,3,25,22,10,34,33,19,5,8,48,44,6,28]
394 [9,25,26,22,20,7,13,5,8,14,27,23,12,21,15,18,10,11,4,19,17,2,1,16,28,3,6,24]
395 [20,16,4,18,1,34,17,41,27,25,12,21,15,37,44,9,45,32,22,13,43,39,35,47,38,7,10,2,48,6,42,19,24,14,46,40,29,5,11,8,33,30,31,3,28,23,36,26]
396 [3,2,17,11,15,8,5,12,6,21,1,10,14,22,16,18,9,19,7,4,20,13]
397 [22,63,73,60,40,67,52,10,49,32,3,33,83,42,84,59,5,46,41,35,1,72,43,37,14,15,13,45,29,18,27,66,8,75,64,74,54,39,56,65,25,16,77,31,78,12,7,4,50,23,81,55,68,20,19,82,21,34,36,69,2,53,76,48,24,47,44,62,80,17,57,71,79,28,26,9,51,38,11,58,61,70,30,6]
398 [22,10,15,19,28,11,26,2,1,13,12,16,17,21,5,6,8,3,18,27,25,20,24,9,23,4,14,7]
399 [24,8,27,15,39,29,6,4,32,25,35,20,21,36,38,7,19,3,13,28,1,18,11,16,34,14,17,41,5,30,26,9,23,2,10,33,37,31,40,12,22]
400 [10,8,7,5,1,13,11,9,15,14,12,3,2,6,4]
401 [2,7,6,1,11,10,3,9,5,8,4]
402 [26,5,25,16,4,10,18,13,14,7,21,8,12,1,19,2,24,6,9,15,3,17,23,11,20,22]
403 [2,1]
404 [46,41,56,49,38,40,25,47,24,6,67,11,59,52,39,51,8,16,34,33,43,4,35,57,44,32,36,26,64,65,58,30,63,21,42,13,2,50,23,31,54,19,28,20,10,48,3,60,61,53,22,14,7,15,12,5,1,27,9,66,62,18,17,37,55,29,45]
405 [7,4,2,10,5,8,3,9,6,1]
406 [5,14,40,18,53,45,60,41,43,36,17,19,55,16,61,54,44,56,13,25,6,52,33,42,63,48,49,21,50,20,35,29,62,46,37,23,1,24,10,47,3,4,2,51,57,58,15,31,38,22,28,11,30,7,8,9,34,26,27,32,12,39,59]
407 [54,3,13,97,81,65,107,37,61,92,40,90,109,24,74,18,111,101,36,43,114,118,116,106,70,35,121,10,27,1,50,71,79,62,100,80,95,99,83,21,94,28,8,19,49,105,15,75,91,112,41,4,38,120,88,113,31,9,45,85,16,69,11,89,12,86,77,66,72,78,93,98,58,6,87,39,20,7,108,57,47,67,60,64,51,104,32,44,117,68,73,115,63,56,76,110,52,103,55,48,119,46,5,17,23,30,22,42,96,102,53,59,33,14,26,2,29,34,25,84,82]
408 [1,11,5,8,4,6,3,12,9,7,2,10]
409 [5,30,33,24,16,29,34,4,18,1,35,10,15,27,6,28,21,26,31,14,32,12,22,11,17,8,2,3,25,9,20,23,7,19,13]
410 [20,33,1,9,34,35,5,31,15,40,23,7,19,4,18,2,22,13,16,3,30,39,25,24,38,28,42,41,12,6,10,37,32,27,14,21,29,11,26,17,8,36]
411 [4,5,3,1,6,2,7]
412 [1,6,10,4,7,11,5,3,2,9,8]
413 [16,31,7,62,43,52,18,64,6,17,22,8,28,51,4,53,66,12,5,23,60,56,24,38,27,70,20,11,1,54,49,21,26,44,32,3,71,35,50,41,47,46,65,68,10,37,72,58,67,2,55,42,30,25,69,14,34,61,9,36,15,33,48,57,63,40,39,45,29,59,13,19]
414 [3,2,4,1]
415 [24,9,23,20,19,10,14,34,26,13,12,28,8,33,1,18,2,27,35,32,16,17,4,29,31,21,5,36,15,6,3,7,30,25,11,22]
416 [7,15,9,6,10,3,12,1,11,16,5,14,13,2,4,17,8]
417 [8,31,17,7,15,18,22,33,1,13,34,26,20,29,23,32,3,4,11,14,24,10,2,21,28,5,30,25,35,36,12,9,27,6,19,16]
418 [2,3,10,7,9,8,5,4,1,6]
419 [1,2,3,5,4,6]
420 [14,7,36,9,32,8,23,18,16,40,38,21,26,4,25,12,31,39,17,28,37,22,2,34,20,10,15,24,27,5,3,33,19,29,6,30,1,13,11,35]
421 [1,57,44,14,22,68,8,51,13,37,71,70,7,28,69,31,16,63,73,4,38,72,56,67,65,54,25,27,46,10,20,58,11,26,29,53,52,59,49,39,61,2,35,62,42,45,74,17,60,43,12,9,64,55,47,24,48,21,32,15,18,50,3,75,66,19,76,6,30,5,36,40,23,41,33,34]
422 [11,2,6,5,8,9,4,10,3,1,7]
423 [9,3,10,6,8,2,1,7,5,4]
424 [5,4,1,2,9,11,3,10,12,6,8,13,7]
425 [12,8,25,53,30,34,6,9,19,43,47,15,20,37,5,23,17,14,10,36,18,22,26,45,46,21,41,11,7,13,48,42,54,51,1,32,31,3,2,24,38,28,44,27,29,33,52,4,39,40,50,16,35,49]
426 [11,25,26,24,6,22,31,7,20,21,19,14,3,4,8,5,12,30,29,16,10,17,1,15,32,33,18,13,23,9,27,28,2]
427 [2,1]
428 [25,40,22,13,33,21,8,34,30,35,10,36,6,26,41,2,39,24,32,16,18,20,14,29,9,31,27,37,7,1,23,38,15,28,4,17,12,5,42,19,11,3]
429 [2,3,8,17,21,13,11,1,5,4,10,14,9,7,18,16,19,20,15,12,6]
430 [58,11,98,10,38,88,45,33,59,61,13,35,77,63,43,12,80,69,74,96,73,8,57,71,4,67,66,89,93,27,49,42,16,56,37,84,48,23,44,70,30,51,92,53,9,22,3,36,20,65,6,75,14,7,18,41,39,86,81,87,83,72,94,17,5,55,31,21,24,34,54,91,76,46,25,60,85,50,1,62,78,97,68,52,2,40,95,47,15,32,64,79,19,28,82,90,29,26]
431 [6,3,2,11,7,5,8,10,4,1,9]
432 [3,2,4,1]
433 [12,10,13,4,1,2,7,3,11,8,6,5,9]
434 [11,26,74,69,15,46,56,31,57,87,52,48,20,2,12,72,9,67,78,82,71,35,17,49,61,38,85,14,75,37,41,68,30,32,4,86,88,25,45,77,33,22,73,10,39,21,27,62,76,24,54,79,55,1,28,51,50,43,66,40,60,58,23,47,81,65,84,6,19,5,7,18,44,42,80,63,34,64,13,59,70,53,16,83,8,3,29,36]
435 [6,12,1,15,14,18,3,16,10,2,19,25,23,13,22,7,5,11,24,4,20,8,9,17,21]
436 [18,35,89,46,51,73,34,48,96,38,8,27,75,84,23,99,88,2,64,74,9,91,85,22,95,20,19,32,10,77,87,65,67,101,21,11,16,47,100,25,104,52,80,59,36,60,41,78,17,44,57,76,45,39,103,70,92,56,72,94,50,43,37,26,68,98,5,15,3,54,53,79,97,61,83,63,31,33,14,12,4,93,7,1,24,90,30,49,28,29,55,13,66,71,86,82,81,42,40,58,69,102,62,6]
437 [12,2,26,11,18,19,8,25,24,28,9,31,1,32,30,16,7,15,22,17,14,10,20,3,27,21,5,29,6,23,13,4]
438 [52,12,69,73,67,57,61,9,32,68,54,2,50,71,43,10,65,16,19,22,36,26,59,21,55,31,60,11,38,28,4,7,3,5,46,6,70,14,17,1,37,75,39,25,51,58,33,34,44,20,30,66,63,29,24,42,64,15,8,41,53,23,27,45,18,48,72,56,74,47,13,40,35,76,49,62]
439 [10,29,6,5,26,18,2,16,17,31,27,15,11,9,13,8,7,3,19,32,28,23,35,4,14,24,33,1,36,20,21,25,30,22,12,34]
440 [18,16,74,24,3,19,22,77,63,86,79,35,38,7,6,96,94,82,42,51,106,101,110,68,108,104,27,105,95,103,48,20,89,90,62,46,15,39,78,85,69,17,25,29,88,53,73,21,71,70,10,5,83,76,97,37,109,102,32,23,80,87,72,57,75,31,99,1,12,45,43,59,84,2,91,61,40,81,30,28,11,56,65,36,41,54,55,50,44,52,33,98,34,58,66,64,13,9,8,49,14,26,93,67,4,107,100,47,60,92]
441 [6,5,4,19,17,14,16,1,13,22,11,9,20,15,2,7,21,18,10,12,8,3]
442 [2,1]
443 [2,1]
444 [3,8,4,7,6,5,1,2]
445 [26,22,32,30,13,20,2,14,19,15,4,10,16,6,12,3,8,9,7,11,27,1,18,31,21,24,23,28,17,5,25,29]
446 [4,11,12,17,6,2,7,13,1,23,14,9,19,8,21,10,24,15,3,16,18,22,5,25,20]
447 [11,10,8,3,1,5,2,7,9,4,12,6]
448 [5,6,10,4,3,1,12,9,8,7,11,2]
449 [3,1,2,4,6,5,7]
450 [7,14,9,10,8,12,13,6,4,2,1,20,15,19,16,5,18,11,21,3,17]
451 [4,2,3,1]
452 [26,16,4,3,12,42,38,17,14,32,18,23,30,27,9,34,1,11,15,31,8,22,7,33,21,24,20,25,41,35,40,2,37,6,39,10,19,13,28,36,5,29]
453 [5,4,9,3,10,7,8,2,1,6]
454 [28,18,100,67,38,78,43,30,65,7,80,48,69,42,49,32,86,62,50,4,1,91,2,5,99,21,92,63,17,54,9,39,20,13,23,41,88,61,51,22,8,68,44,73,60,98,66,101,64,40,74,37,14,33,58,34,15,3,89,36,70,57,87,47,81,84,10,53,52,12,75,29,55,46,6,93,56,25,11,79,90,76,96,94,59,77,45,31,83,24,85,27,35,82,16,26,72,95,71,102,97,19]
455 [3,9,8,7,2,1,10,4,6,5,11]
456 [4,3,10,7,1,11,9,5,6,2,8]
457 [2,33,17,34,8,16,26,40,7,12,9,14,36,6,28,11,4,20,30,31,29,27,39,38,35,15,37,22,5,3,25,13,10,1,32,24,23,18,21,19]
458 [1,7,4,3,2,6,5]
459 [1,2]
460 [8,3,5,6,1,9,10,2,7,4]
461 [2,8,3,6,1,7,4,5]
462 [4,5,3,1,6,7,2]
463 [7,4,6,2,5,3,1]
464 [10,14,8,37,41,22,9,6,1,45,18,7,24,38,39,15,4,31,33,42,2,19,3,36,26,34,21,17,44,30,13,20,40,28,29,32,5,11,12,35,16,46,23,27,25,43]
465 [2,1]
466 [21,16,7,36,8,25,13,46,19,45,10,11,35,37,29,39,20,32,24,55,6,31,28,41,26,57,48,42,14,38,58,33,47,44,15,5,23,3,30,53,43,34,40,9,4,50,54,2,52,18,1,56,17,22,12,59,49,51,27]
467 [28,181,178,154,159,104,107,99,140,83,119,183,121,12,74,120,46,148,153,127,60,20,141,34,18,3,59,10,78,139,115,7,63,161,41,171,67,166,130,137,16,136,64,39,32,65,80,143,144,156,30,142,176,77,92,56,86,116,69,40,112,177,96,87,37,70,165,103,117,170,61,33,6,90,158,114,14,43,126,85,129,79,89,164,81,160,151,55,184,98,15,72,29,134,11,147,2,68,88,163,27,75,133,118,21,17,152,125,9,25,8,42,113,182,26,4,73,94,124,110,168,47,58,93,35,135,31,22,84,180,51,54,108,97,132,95,5,44,45,38,48,157,49,52,23,175,62,179,71,149,123,172,155,57,174,128,100,150,82,145,122,13,24,169,106,167,76,102,66,53,131,19,91,109,162,1,50,173,105,138,146,36,101,111]
468 [16,10,3,12,6,2,1,7,20,5,4,11,8,15,17,9,19,13,18,14]
469 [10,5,2,1,8,11,6,3,7,9,4]
470 [34,71,30,73,46,58,75,41,68,5,48,38,81,79,25,27,55,28,61,13,20,22,83,59,53,65,9,35,17,67,33,69,64,60,24,10,8,42,23,51,66,12,6,78,3,76,14,39,19,74,77,2,1,49,80,82,57,54,7,62,11,32,45,21,50,16,31,63,56,29,47,84,43,26,40,36,44,18,72,52,15,70,37,4]
471 [6,14,4,10,5,12,3,16,8,1,15,11,13,9,7,17,18,2]
472 [10,11,8,4,6,5,9,7,2,1,3]
473 [10,30,56,72,86,1,98,94,23,105,118,78,55,108,93,46,7,99,90,112,69,21,47,22,24,44,107,53,97,115,121,110,122,67,37,58,113,5,75,117,57,120,104,11,31,77,109,25,80,51,65,64,70,85,125,49,2,119,26,88,76,63,91,4,66,19,29,82,50,52,124,13,18,96,101,100,59,74,73,20,92,38,114,40,34,12,95,60,9,62,43,17,111,45,54,87,14,35,39,83,28,79,84,32,89,116,126,3,16,61,8,81,102,15,48,36,106,123,27,42,41,33,6,71,68,103]
474 [3,2,1,5,4]
475 [3,2,1,4]
476 [6,2,3,12,8,5,9,10,1,13,11,7,4]
477 [2,1]
478 [4,12,11,7,5,3,1,9,8,6,2,10]
479 [4,6,14,11,17,2,19,5,16,8,13,1,18,15,9,7,10,12,3]
480 [2,1,4,5,3]
481 [8,13,20,9,5,15,11,23,24,19,25,12,22,2,14,10,18,16,4,17,6,21,7,1,3]
482 [18,4,25,6,27,11,9,23,20,31,13,10,7,14,32,5,3,19,1,30,17,16,8,29,22,15,12,26,2,24,21,28]
483 [3,2,1,4,6,5,7]
484 [19,16,8,15,2,17,21,23,3,20,13,6,1,4,7,12,11,22,10,14,5,9,18]
485 [12,21,16,18,3,17,19,2,8,1,7,11,9,10,13,15,14,5,6,4,20]
486 [1,5,3,2,4]
487 [2,1]
488 [27,29,47,42,7,20,34,44,13,39,26,9,17,16,4,10,15,30,12,5,37,18,36,19,48,1,32,24,45,28,35,23,11,21,3,22,6,46,38,2,8,41,43,25,31,40,33,14]
489 [7,10,8,5,1,9,2,3,6,4]
490 [10,9,8,7,4,1,11,6,5,12,13,2,3]
491 [3,13,1,5,2,11,9,4,7,12,6,10,8,14]
492 [20,10,34,29,19,41,3,51,31,6,17,28,12,25,22,13,52,50,18,9,15,56,38,42,33,53,43,39,21,55,1,5,46,27,16,11,14,44,8,4,47,2,54,23,57,30,24,40,48,45,7,35,32,37,36,49,26]
493 [2,6,3,5,7,1,4]
494 [20,3,58,2,4,35,26,30,32,29,7,33,12,47,17,22,18,50,55,45,34,14,5,41,44,36,48,57,6,1,15,23,51,31,59,19,9,39,43,16,13,10,37,46,21,42,53,60,11,49,25,40,28,52,27,8,24,38,54,56]
495 [52,54,56,42,51,53,50,19,41,1,30,31,13,5,47,27,44,4,32,40,34,9,59,36,16,48,38,18,8,49,2,22,6,55,35,33,20,46,12,37,21,26,25,43,57,17,11,28,24,23,39,3,45,7,29,14,58,10,15]
496 [12,10,3,7,35,34,30,26,8,1,4,31,32,22,17,29,16,18,6,9,25,27,23,28,11,2,33,21,13,19,24,20,14,15,5]
497 [29,13,18,8,30,15,12,17,6,21,26,4,7,16,2,19,24,5,14,25,27,9,1,11,28,3,32,22,10,31,20,23]
498 [13,8,6,14,4,11,7,1,9,12,5,2,3,16,15,10]
499 [3,24,77,72,29,5,74,16,62,30,68,88,21,37,18,79,52,48,42,8,43,40,27,73,85,4,13,15,20,6,49,59,11,25,39,66,64,23,33,80,41,84,44,89,54,35,10,83,38,45,50,12,22,71,1,61,28,17,2,63,70,69,56,31,86,36,90,81,76,34,51,46,57,60,87,47,19,82,65,9,53,55,14,75,26,78,67,58,32,7]
500 [5,2,1,11,4,8,12,10,3,6,7,9]
501 [10,4,19,3,17,13,7,14,21,12,11,23,9,27,18,5,1,26,8,25,24,15,22,6,16,20,2]
502 [39,8,1,5,3,19,47,20,54,6,9,23,36,43,15,52,4,12,41,34,22,17,21,25,28,11,40,44,2,7,48,26,37,53,31,24,13,35,55,56,16,45,14,50,42,38,29,49,18,33,46,27,30,32,51,10]
503 [2,1]
504 [14,13,1,21,5,2,10,12,16,15,19,23,9,3,11,22,18,17,24,6,26,4,25,20,8,27,28,7]
505 [9,10,12,8,11,4,1,6,3,2,5,7]
506 [1,4,17,13,5,20,35,31,28,26,30,32,10,9,12,34,14,2,24,33,8,21,23,29,18,25,27,6,19,3,22,11,7,16,15]
507 [1,4,2,7,5,3,6]
508 [2,9,7,5,10,4,8,3,6,1]
509 [14,45,34,15,31,4,48,16,35,42,3,40,24,36,1,33,38,26,18,23,2,39,30,13,17,12,46,19,28,6,47,8,22,44,29,43,10,20,9,41,32,21,25,7,27,37,5,11]
510 [16,6,5,20,19,9,17,14,1,11,4,10,18,3,15,2,12,8,13,7]
511 [1,14,30,29,13,10,18,4,7,16,5,17,15,9,21,26,20,23,2,6,22,24,12,27,3,19,8,28,11,25]
512 [48,42,22,50,39,52,17,38,3,31,37,6,45,46,32,43,16,53,33,2,11,9,18,44,8,20,28,51,15,27,49,7,29,5,25,47,19,21,36,4,1,10,24,35,40,30,14,13,41,34,26,12,23]
513 [19,24,62,10,93,27,59,138,11,116,82,35,30,43,32,96,102,118,136,121,84,41,94,115,38,17,12,78,106,61,47,68,105,100,26,64,91,103,53,52,39,1,50,23,88,69,9,37,21,33,56,101,55,117,22,108,130,137,49,72,133,77,42,129,135,134,31,113,46,76,104,120,7,112,8,28,71,13,44,89,45,34,70,79,123,127,119,99,111,15,57,40,81,48,66,90,109,107,85,25,2,74,95,3,126,128,75,86,83,63,16,51,29,65,36,58,98,131,87,73,20,110,54,67,97,125,60,124,6,18,14,114,122,5,132,92,4,80]
514 [2,1]
515 [13,14,7,11,1,9,4,6,12,5,8,16,3,2,15,10]
516 [6,1,8,7,2,4,10,5,3,9]
517 [10,17,14,7,9,18,20,13,4,11,2,16,15,5,12,19,8,6,1,3]
518 [15,5,7,11,8,1,12,14,6,3,2,17,16,9,13,10,4]
519 [2,1,3,4]
520 [3,2,5,1,4]
521 [72,51,65,14,35,27,44,55,28,26,4,41,19,10,22,1,53,29,8,9,62,39,25,12,42,40,63,33,66,56,36,6,31,11,43,47,48,71,7,64,70,20,59,24,21,16,58,32,49,54,17,13,67,5,30,68,2,46,15,37,45,52,50,18,38,60,61,57,23,34,69,3]
522 [17,10,24,16,26,7,23,18,11,3,31,28,13,1,4,29,19,6,22,34,21,33,30,27,2,25,5,32,9,12,15,20,8,14]
523 [2,1]
524 [61,7,92,27,100,114,71,67,17,37,117,113,23,116,47,40,90,1,57,35,53,124,82,31,74,29,102,28,96,109,68,14,46,103,121,115,49,78,19,111,20,76,13,54,94,41,39,97,99,32,60,110,72,10,4,36,56,98,38,34,69,33,11,91,48,104,5,112,105,44,84,58,12,42,8,59,16,86,62,101,70,87,79,81,119,55,118,25,93,108,89,123,88,65,120,50,43,30,95,2,80,9,24,21,64,85,52,66,6,77,107,106,83,63,45,22,26,3,51,73,18,75,122,15]
525 [12,21,22,5,2,19,25,17,26,6,13,8,15,11,4,1,24,14,9,23,16,3,18,20,10,7]
526 [14,2,19,15,10,26,24,16,20,22,7,21,18,1,17,11,25,13,9,8,6,23,12,4,5,3]
527 [13,7,2,14,15,12,4,1,18,3,10,8,9,17,16,5,11,6]
528 [1,4,2,3]
529 [27,101,112,3,9,28,61,21,46,67,7,81,66,26,5,20,25,50,80,47,11,17,107,93,4,106,70,115,108,54,64,12,82,89,113,62,53,19,79,100,24,69,8,13,105,86,10,68,51,90,37,60,45,110,23,48,58,71,1,42,85,40,14,72,77,76,99,87,34,31,91,32,56,36,75,49,63,44,97,38,102,65,35,83,43,2,73,39,94,22,59,103,52,29,41,96,33,95,6,15,104,78,30,88,57,84,92,74,109,98,111,16,55,114,18]
530 [26,19,4,10,15,33,22,18,7,21,23,13,17,30,36,32,1,6,16,12,27,5,35,31,8,2,29,20,14,25,24,28,9,11,3,34]
531 [7,21,43,39,1,33,13,4,11,12,23,2,9,53,26,55,64,6,35,61,8,62,42,22,15,56,17,44,36,3,18,30,40,41,57,5,38,46,37,54,50,16,10,24,48,29,28,47,59,63,25,49,31,52,45,14,60,32,34,27,19,51,58,20]
532 [35,7,5,8,39,17,40,27,6,2,20,19,30,36,42,1,25,29,18,23,33,21,28,37,11,14,31,22,32,12,26,16,9,24,13,38,34,4,15,41,3,10]
533 [6,13,7,16,9,5,2,14,18,10,19,8,1,4,12,17,3,15,11]
534 [12,34,44,15,39,7,33,46,23,13,2,22,48,1,5,16,31,47,36,30,50,40,38,6,24,29,4,32,41,20,17,42,9,19,18,21,35,25,11,37,49,43,45,8,28,10,26,3,27,14]
535 [19,9,3,18,1,14,6,7,22,12,10,4,8,20,2,13,17,21,5,15,11,16]
536 [24,11,26,25,2,15,22,13,3,21,8,19,4,20,23,14,5,12,1,7,16,17,18,9,10,6]
537 [1,2,7,6,5,3,4]
538 [8,4,15,12,11,1,6,3,9,7,5,13,10,14,2]
539 [21,67,82,28,98,58,83,37,84,53,93,42,49,91,79,88,26,36,7,102,17,60,15,24,25,39,48,8,74,35,68,75,95,43,54,94,27,103,9,38,92,52,77,80,13,30,87,29,16,10,47,86,40,57,45,6,33,71,32,59,31,66,85,76,50,101,64,3,89,44,22,65,56,18,90,14,12,97,34,63,20,19,70,61,72,73,99,69,78,100,41,51,62,96,1,55,23,46,4,5,81,2,11]
540 [50,20,45,24,37,14,35,42,44,46,39,7,3,16,51,8,30,6,11,10,27,9,18,21,15,19,38,53,49,22,34,13,52,31,23,40,25,29,12,4,36,48,33,28,2,17,5,41,43,1,47,32,26]
541 [1,6,2,4,5,8,3,7]
542 [10,7,1,2,3,4,6,9,8,5]
543 [20,19,25,12,22,5,13,24,10,7,2,21,26,6,18,3,17,9,1,23,14,11,4,8,16,15]
544 [1,18,28,15,2,12,13,8,14,17,26,23,27,9,6,22,21,20,24,7,5,19,3,25,16,10,4,11]
545 [3,1,13,17,11,20,10,7,12,19,4,8,6,2,21,9,16,14,15,18,22,5]
546 [23,36,20,33,26,13,25,5,17,9,27,21,35,1,12,34,4,10,19,32,31,3,22,11,16,7,29,2,14,15,8,28,6,30,18,24]
547 [10,21,13,9,30,31,19,23,33,25,7,14,18,16,22,27,12,1,2,11,32,6,4,15,3,28,26,5,20,24,17,29,8]
548 [25,7,18,8,24,19,6,13,27,5,15,23,4,14,2,22,16,21,1,9,20,17,10,3,11,12,26]
549 [2,3,5,7,6,8,4,1]
550 [8,6,19,9,21,10,22,1,13,12,4,2,14,5,11,20,7,15,3,18,17,16]
551 [30,19,1,6,10,31,4,15,9,28,22,13,20,25,5,7,26,23,2,18,21,29,3,16,17,24,8,14,27,12,11]
552 [22,16,11,32,19,20,30,6,15,17,27,14,21,9,23,29,26,1,10,13,3,25,24,18,12,5,7,28,2,31,4,8]
553 [6,8,3,23,17,13,5,22,29,16,20,7,4,27,1,12,26,28,19,15,25,9,11,24,14,10,18,21,2]
554 [2,10,4,9,8,7,6,5,3,1,11]
555 [1,5,2,4,3]
556 [11,18,3,9,14,20,13,17,19,8,7,6,5,16,4,25,2,24,10,21,1,15,22,23,12]
557 [6,9,4,2,1,5,3,12,8,7,11,10]
558 [31,42,50,10,33,25,21,27,22,20,44,46,8,40,43,29,13,49,48,6,51,37,32,45,34,11,35,24,7,4,16,30,5,14,26,41,12,47,18,15,17,19,2,39,23,38,1,9,3,36,28]
559 [1,2,3,6,5,7,4,8]
560 [3,4,5,6,7,2,1]
561 [29,41,51,2,17,25,19,8,43,5,32,16,1,3,30,48,55,22,26,44,27,34,36,47,6,15,31,37,9,45,10,52,42,21,23,11,35,13,24,56,14,28,20,53,4,33,38,46,49,39,12,54,18,7,40,50]
562 [2,1,6,4,7,5,3]
563 [2,4,1,3]
564 [1,7,5,4,8,3,2,6]
565 [1,12,3,4,17,2,14,10,6,7,13,8,15,16,5,11,9]
566 [7,6,27,28,30,8,26,14,25,31,24,9,32,11,22,34,5,20,29,18,17,21,13,35,33,16,2,10,4,23,19,3,1,15,12]
567 [7,10,16,3,17,5,4,15,9,12,1,11,13,8,2,14,6]
568 [60,72,75,67,100,64,9,102,48,79,15,56,19,41,82,107,84,77,27,51,10,32,11,45,108,1,96,6,37,29,13,87,94,54,111,47,40,83,20,46,80,95,71,38,33,23,42,52,4,66,18,73,98,12,17,88,31,14,5,8,34,81,43,105,53,74,85,70,92,36,93,106,90,69,103,109,91,50,99,65,35,28,21,26,30,24,7,61,16,3,44,39,68,58,63,97,101,25,2,104,22,89,62,86,110,76,55,49,57,59,78]
569 [7,3,8,5,1,9,6,2,4]
570 [56,29,69,30,17,2,5,38,35,70,7,3,31,8,33,43,22,44,58,6,42,27,51,57,68,63,21,60,13,1,4,34,41,11,32,15,65,54,62,47,12,23,55,52,73,37,25,28,40,20,24,39,76,59,77,14,64,78,26,66,74,71,36,45,19,61,18,48,9,53,16,50,67,72,46,10,75,49]
571 [8,7,6,1,2,4,3,9,5,10]
572 [16,26,24,29,25,12,28,30,3,9,17,22,19,8,7,5,10,11,15,32,4,20,2,31,13,6,14,27,1,18,23,21]
573 [18,23,6,20,24,8,22,15,11,13,21,4,2,7,19,5,17,10,16,1,3,12,9,14]
574 [2,5,6,1,3,4]
575 [5,6,19,49,50,47,111,37,84,82,33,23,97,7,85,69,1,44,52,101,112,119,67,55,34,106,64,48,89,61,95,42,16,105,65,86,99,58,43,94,26,38,39,102,35,75,20,96,36,41,29,18,53,114,80,103,92,32,22,118,8,24,100,63,25,110,77,91,78,70,62,13,12,93,88,56,72,51,17,66,59,115,2,108,87,30,98,68,28,104,9,83,4,10,54,21,76,79,57,11,31,15,14,3,40,90,71,27,46,45,73,74,109,107,116,117,60,81,113]
576 [14,22,6,17,24,28,15,2,33,26,5,7,12,19,31,3,30,4,29,9,23,25,10,13,32,8,18,16,11,1,27,20,21]
577 [13,14,37,29,30,5,18,9,16,35,6,12,26,33,11,23,31,27,10,19,21,32,24,4,34,8,22,25,28,36,7,1,20,2,15,17,3]
578 [1,19,6,28,30,21,16,24,18,22,34,9,12,23,2,5,26,29,32,20,15,4,33,31,7,17,3,27,25,14,8,10,13,11]
579 [2,1]
580 [2,25,21,11,6,22,29,9,8,12,27,1,24,33,17,3,7,10,18,26,28,14,20,15,23,30,19,31,4,5,32,13,16]
581 [4,3,18,26,11,1,7,28,19,17,21,23,2,12,27,13,16,24,9,8,10,20,14,15,5,6,22,25]
582 [1,25,20,15,6,12,32,23,5,33,31,13,7,24,16,11,10,8,4,21,17,2,26,3,27,30,28,34,18,29,36,14,9,19,22,35]
583 [2,23,15,43,45,19,7,28,34,31,38,25,3,8,26,20,14,10,18,44,37,36,42,6,40,4,35,1,39,5,11,30,32,22,29,21,17,33,41,16,27,13,9,46,12,24]
584 [16,3,44,7,43,12,36,22,23,4,8,53,11,5,41,42,18,49,51,39,28,35,21,6,34,32,26,10,25,1,17,15,31,20,50,40,30,54,38,48,37,46,52,14,27,9,45,29,24,33,13,47,19,2,55]
585 [84,87,24,23,125,80,99,85,117,43,153,73,120,152,123,119,110,17,45,115,139,15,74,89,112,81,154,135,52,47,107,14,40,133,32,93,67,146,27,101,151,56,42,48,109,53,8,132,28,92,49,122,36,58,21,50,147,55,62,10,94,124,129,37,121,35,26,65,141,143,9,38,63,13,25,66,83,142,106,34,77,82,11,30,114,22,100,44,113,105,144,57,6,18,128,130,31,69,127,86,138,136,90,20,148,88,149,76,29,79,78,68,2,150,145,39,46,131,98,72,41,126,64,108,5,102,61,103,60,95,59,96,75,134,91,16,51,54,155,104,19,116,12,137,71,4,118,97,111,33,140,1,7,3,70]
586 [14,13,5,10,3,19,17,29,9,7,12,26,25,4,6,1,31,23,27,8,28,30,2,16,22,18,24,15,11,21,20]
587 [23,24,6,22,15,19,1,2,17,30,7,32,9,12,18,20,27,25,11,31,28,16,5,10,21,13,3,8,26,29,4,14]
588 [8,24,51,41,69,23,20,68,67,44,17,61,58,13,9,64,19,46,53,50,63,5,26,40,27,18,35,7,33,57,37,12,15,16,32,39,36,42,28,11,49,75,60,59,66,55,52,30,14,74,25,65,71,22,70,29,38,4,21,73,54,6,10,1,31,56,47,48,3,34,43,62,72,45,2]
589 [1,7,5,8,13,4,12,3,10,11,9,6,2]
590 [3,6,2,7,1,5,4]
591 [129,69,167,64,182,168,169,166,86,139,105,184,25,128,46,44,88,114,178,31,61,136,54,189,5,123,131,92,82,154,191,71,126,37,177,80,76,58,87,2,111,101,23,8,79,145,50,181,96,20,161,127,190,119,157,66,153,62,39,6,134,176,188,122,160,26,21,81,155,85,144,104,55,186,7,67,34,42,75,24,147,63,109,148,10,173,162,143,99,19,149,113,38,121,51,52,90,47,30,156,100,107,4,146,28,175,117,185,187,97,56,89,93,53,158,124,115,17,49,33,84,65,3,60,130,18,103,102,141,174,142,172,43,112,108,83,11,22,106,95,16,170,180,118,73,41,133,152,13,164,48,132,72,12,140,94,59,116,78,1,27,135,68,77,14,57,74,32,35,163,171,70,125,40,120,159,110,15,165,36,98,179,91,150,9,151,45,137,183,29,138]
592 [9,4,11,3,6,7,1,8,5,2,10]
593 [22,15,14,13,3,24,12,28,17,26,16,21,2,8,25,10,11,23,27,4,31,30,7,18,29,5,32,9,20,19,1,6]
594 [36,7,9,8,1,18,41,40,29,28,42,14,30,38,17,20,24,33,6,44,13,4,19,3,5,16,31,32,35,39,15,27,26,23,25,22,11,2,12,34,37,43,10,21]
595 [6,1,3,5,4,2]
596 [10,8,2,4,6,5,9,7,1,3,11,12]
597 [7,4,1,2,3,6,5]
598 [4,10,18,13,16,8,6,14,2,12,9,15,11,19,17,3,7,1,5]
599 [76,84,36,62,37,118,2,51,48,25,88,21,116,10,38,64,29,31,13,117,34,112,16,102,5,114,12,70,4,46,105,95,80,58,11,69,39,6,3,50,106,113,87,56,67,72,27,98,43,44,54,55,47,101,109,99,41,20,23,86,103,85,18,104,77,9,108,26,82,74,22,97,24,61,91,79,73,90,100,1,30,110,81,63,7,75,40,28,96,89,57,52,65,42,68,94,107,19,66,15,8,92,111,71,33,45,35,60,83,32,17,59,115,53,78,14,49,93]
600 [92,36,67,96,38,5,22,81,41,73,16,79,55,72,62,44,2,74,91,85,52,64,39,53,78,69,35,54,65,82,90,12,89,60,13,34,25,30,68,17,9,23,7,86,95,11,40,3,42,19,57,21,6,49,88,56,47,71,20,24,94,48,8,46,58,83,77,61,59,37,66,18,97,63,43,75,4,27,15,28,10,51,1,29,45,31,33,50,70,84,14,26,32,87,80,93,76]
601 [6,5,2,18,26,33,27,30,15,13,22,23,11,28,4,8,12,17,20,7,25,24,1,14,19,31,29,3,21,10,16,32,9]
602 [28,39,5,31,40,25,2,43,42,26,23,9,37,8,4,11,36,44,19,21,15,41,38,29,14,1,45,17,27,20,24,30,7,22,46,48,13,3,10,33,47,6,18,32,35,12,34,16]
603 [4,25,40,41,30,22,1,23,42,2,27,3,6,9,35,33,38,36,24,13,26,39,7,29,5,10,18,21,28,12,19,37,31,17,8,11,15,16,20,32,34,14]
604 [10,4,27,15,23,28,2,25,1,21,24,3,14,8,17,19,7,20,11,12,16,6,22,5,13,26,9,18]
605 [4,6,1,3,2,5]
606 [61,39,26,44,75,46,62,49,81,71,17,38,11,5,3,70,78,25,56,36,34,16,67,23,24,80,14,85,77,76,68,10,83,13,28,30,88,50,54,72,47,41,6,12,20,8,82,21,58,40,51,2,59,15,4,52,63,37,1,42,9,7,74,29,32,35,55,53,66,57,45,79,19,69,84,87,27,73,33,48,65,18,64,86,43,31,60,22]
607 [10,5,3,7,2,6,1,9,4,8,12,11]
608 [13,24,29,53,17,71,51,4,77,49,67,73,89,39,41,32,18,33,21,55,70,28,19,14,38,12,8,76,57,45,31,9,82,80,25,69,23,30,74,34,59,46,22,37,60,36,63,40,78,15,66,86,1,11,81,10,87,52,6,61,16,44,65,83,50,64,58,79,88,20,2,90,48,3,85,54,75,68,43,84,42,26,56,72,62,35,27,47,5,7]
609 [2,6,5,7,3,1,4]
610 [2,1]
611 [2,1]
612 [56,13,66,26,8,22,79,76,40,46,42,61,49,30,15,32,58,5,45,28,17,7,25,48,63,29,34,57,4,16,60,24,78,10,77,21,39,36,69,2,55,53,50,37,44,11,51,23,52,70,6,3,47,9,64,18,68,74,43,35,19,54,62,65,75,14,71,33,72,31,1,41,20,67,12,59,73,27,38]
613 [16,22,26,23,19,3,12,17,7,8,21,1,11,13,9,25,18,20,2,24,4,5,15,6,14,10]
614 [68,11,20,13,35,9,46,58,57,55,66,7,8,65,17,5,67,49,3,69,60,48,78,31,36,64,34,12,14,22,23,80,84,45,43,28,82,4,54,73,53,39,71,42,77,81,15,56,25,61,26,2,33,18,50,30,63,24,76,37,44,10,52,38,19,83,41,74,47,72,70,32,1,79,62,40,59,21,29,6,16,75,51,27]
615 [74,1,9,67,20,65,145,108,144,38,45,146,3,138,133,83,47,33,98,15,14,8,18,57,32,126,121,150,19,69,134,119,101,31,124,23,116,6,110,81,113,36,71,141,73,123,2,115,142,89,140,85,97,34,50,60,128,90,66,41,88,100,106,30,109,51,24,86,130,58,54,125,93,82,49,48,96,135,118,77,149,102,95,56,43,46,143,132,87,42,114,72,120,129,94,104,117,55,152,78,4,131,76,70,59,103,17,10,27,79,52,105,147,63,21,11,53,25,5,40,68,44,84,111,35,151,7,127,99,91,136,39,12,29,37,22,28,139,61,62,107,64,112,26,148,13,137,80,122,75,92,16]
616 [8,23,25,11,14,18,1,24,21,15,13,17,10,5,27,3,22,2,16,12,4,6,7,26,20,19,9,28]
617 [8,5,3,6,1,7,4,10,2,9]
618 [2,1]
619 [1,2,5,8,7,6,3,4]
620 [21,91,110,5,60,112,77,42,65,48,39,45,25,8,53,18,66,43,79,35,62,78,30,74,11,57,2,75,7,76,82,3,32,50,12,22,49,1,67,29,73,38,6,26,46,59,61,89,87,27,100,88,20,10,40,104,83,102,95,23,97,54,70,15,34,106,80,28,85,71,90,31,17,69,81,93,109,14,98,68,51,52,36,113,92,55,86,84,44,96,13,63,9,99,58,103,37,64,16,72,47,4,108,56,101,24,19,107,33,41,94,111,105]
621 [5,3,9,6,8,11,2,7,4,10,1]
622 [31,11,28,21,7,9,40,39,16,36,17,13,4,1,23,15,14,19,26,34,25,2,38,12,8,6,18,27,20,24,42,37,33,10,5,22,29,3,35,32,30,41]
623 [2,10,3,6,4,5,7,11,1,9,8]
624 [92,64,53,20,84,6,43,11,59,61,51,47,65,31,91,7,88,103,45,34,9,62,46,79,29,26,40,42,87,96,98,90,1,3,81,38,72,69,50,82,16,22,28,35,95,106,49,5,89,37,74,8,70,10,41,36,18,73,30,33,99,94,17,56,54,25,21,104,44,102,101,55,93,52,66,4,86,13,68,23,97,85,27,71,19,15,57,77,75,83,80,105,76,60,58,24,63,32,78,2,14,12,48,100,67,39]
625 [2,3,1]
626 [46,33,25,53,2,29,38,12,19,16,4,17,24,45,9,13,55,5,6,48,57,52,21,43,1,8,39,34,50,36,18,47,62,60,42,54,41,27,37,56,32,11,63,14,64,7,23,30,65,61,15,40,49,44,26,10,59,31,51,58,22,28,35,20,3]
627 [17,12,20,3,13,6,7,5,15,9,1,2,21,19,11,8,22,14,16,4,18,10]
628 [51,16,44,23,41,12,46,26,1,5,13,42,47,17,9,29,36,30,33,10,3,45,37,14,15,25,7,2,53,31,8,32,34,19,39,48,4,38,40,35,24,27,28,22,11,18,49,50,20,21,6,52,43]
629 [23,59,6,18,38,46,42,67,44,50,19,4,72,37,62,56,7,10,20,21,26,41,52,48,54,68,51,32,65,12,17,64,22,8,58,55,2,1,31,27,9,60,57,40,11,5,13,24,16,66,35,53,63,43,28,25,71,36,49,29,70,39,14,61,33,69,3,15,47,34,45,30]
630 [5,8,17,3,2,7,11,22,4,6,10,13,1,9,18,15,20,21,14,12,16,19]
631 [11,9,10,12,7,5,13,4,14,8,3,6,1,2]
632 [2,5,6,9,13,15,21,23,11,3,20,19,25,1,27,12,26,18,7,4,22,24,17,8,28,10,14,16]
633 [3,30,33,51,72,6,54,45,80,84,67,53,39,50,21,49,52,13,22,26,61,44,16,77,75,11,17,86,29,41,19,46,56,34,64,73,15,83,63,18,31,35,60,25,2,82,57,40,36,71,24,4,76,10,47,65,32,59,85,55,9,37,68,43,5,20,48,66,81,79,69,42,78,38,14,23,12,28,62,70,87,7,8,58,1,27,74]
634 [10,7,3,1,8,5,2,4,9,6,11]
635 [12,1,5,11,4,6,3,2,8,7,10,13,9]
636 [7,9,1,12,20,6,15,16,10,2,14,19,11,17,3,8,13,18,5,4]
637 [1,6,5,3,7,4,8,2]
638 [40,57,16,50,64,61,45,26,17,4,59,7,43,48,32,34,65,21,42,2,54,19,33,5,18,12,3,35,30,49,14,58,63,20,6,44,29,8,46,11,56,41,53,52,37,31,38,36,22,24,9,23,51,55,13,15,10,62,25,39,60,47,66,27,1,28]
639 [1,2]
640 [2,4,1,6,7,3,5]
641 [10,4,13,11,12,7,1,9,8,6,14,5,15,2,3]
642 [33,5,41,44,6,17,28,16,24,3,4,46,11,42,40,27,21,30,19,38,13,26,23,2,25,39,12,34,43,36,1,48,31,29,37,45,14,18,10,47,9,32,20,22,7,49,50,15,35,8]
643 [1,4,2,3]
644 [1,2]
645 [2,1]
646 [8,17,14,23,6,16,22,20,2,15,18,12,21,10,11,1,7,3,19,13,9,5,4]
647 [10,1,6,8,5,2,3,7,4,9]
648 [16,9,117,83,74,65,97,84,90,48,104,81,15,115,99,4,22,27,2,122,75,116,120,39,94,7,118,67,91,111,32,29,49,14,34,109,10,114,103,44,86,3,11,31,76,57,26,47,77,80,6,35,30,113,119,40,33,71,82,41,102,1,63,13,101,105,69,61,72,38,60,89,58,19,53,8,45,98,93,68,25,106,21,50,46,121,112,100,5,66,108,28,92,42,78,17,110,85,24,73,62,51,55,70,12,52,36,56,59,18,107,95,96,88,43,23,54,20,79,87,64,37]
649 [7,2,12,1,4,9,3,6,8,13,10,5,14,11]
650 [3,13,2,5,1,10,11,6,9,12,4,8,7]
651 [10,5,14,1,2,12,3,13,16,8,11,15,9,7,4,6]
652 [2,14,6,4,8,5,1,11,12,15,3,10,16,13,7,9]
653 [1,2]
654 [94,19,89,17,77,47,60,35,91,7,30,100,80,12,79,97,67,1,53,58,42,57,71,14,102,29,88,65,48,87,93,70,45,75,37,73,62,104,33,10,95,82,26,28,64,90,68,16,101,96,99,49,50,36,39,21,8,27,13,98,59,18,61,46,32,44,23,11,83,9,25,51,20,63,40,24,41,5,22,84,85,56,86,92,38,6,31,54,43,55,34,3,76,4,81,2,15,74,52,103,78,72,66,69]
655 [24,39,51,52,9,89,80,3,88,4,64,104,59,73,22,101,28,35,36,66,87,100,112,121,7,34,72,65,71,55,50,30,2,63,110,61,83,47,29,69,126,17,99,77,95,10,76,16,13,5,118,53,14,123,86,19,38,33,85,102,42,84,6,68,15,75,70,26,92,44,115,107,122,81,98,58,103,91,37,21,97,40,78,60,116,57,93,106,117,119,27,56,8,46,54,96,45,41,74,48,18,32,94,62,67,31,23,113,124,111,25,82,12,127,108,1,49,20,43,109,79,125,11,114,105,120,90]
656 [19,12,26,16,27,14,6,24,9,10,18,13,25,15,23,4,21,20,1,17,3,7,2,11,8,5,22]
657 [3,4,6,5,2,1,7]
658 [12,33,45,59,21,4,26,28,30,40,3,57,17,35,16,41,24,56,5,42,22,37,31,18,19,54,23,51,7,48,44,39,2,14,11,60,10,20,49,29,36,50,34,46,58,38,53,52,13,25,15,43,32,8,47,1,27,55,6,9]
659 [9,26,43,22,49,50,48,1,20,14,16,2,31,24,15,6,34,38,47,35,21,32,39,5,53,56,42,11,10,4,36,7,19,45,12,33,41,25,27,17,44,28,23,40,8,18,51,13,52,54,29,55,3,30,37,46]
660 [5,4,10,9,26,22,18,19,15,16,14,2,6,11,13,8,12,24,17,21,3,20,7,25,23,1]
661 [14,18,68,71,43,61,39,5,8,20,69,66,44,16,36,2,21,17,4,19,13,65,59,38,37,15,25,34,26,27,28,54,35,56,41,10,47,63,46,74,6,55,24,64,7,42,23,33,73,60,57,52,48,58,67,9,40,1,50,12,30,72,51,31,3,49,45,32,62,70,22,53,11,29]
662 [10,7,1,6,8,4,5,9,3,2]
663 [8,1,9,12,4,15,6,14,16,3,10,7,11,5,17,2,13]
664 [4,9,10,5,3,8,6,1,2,7]
665 [88,99,80,65,52,26,97,94,47,53,72,49,5,28,78,2,30,18,29,69,73,58,24,101,59,100,60,38,43,27,81,68,1,42,44,64,79,19,92,62,95,84,9,31,37,35,6,14,13,93,51,20,76,57,7,23,15,85,96,32,70,45,33,10,48,66,91,25,50,39,83,21,98,74,34,3,55,17,36,87,41,89,11,22,12,63,61,77,16,82,67,86,71,46,4,54,75,8,40,90,56]
666 [11,13,97,63,106,74,101,70,111,52,60,102,89,49,4,15,108,92,8,68,55,5,6,3,72,45,51,79,31,62,23,69,17,86,24,59,38,29,33,67,100,81,77,109,26,94,83,98,32,54,96,48,46,105,57,73,21,41,43,36,84,35,82,90,80,40,27,20,14,64,19,34,99,66,16,78,104,42,71,93,88,53,107,39,87,56,76,65,18,10,9,22,75,2,91,47,28,85,25,44,103,1,12,110,7,37,50,58,95,61,30]
667 [11,51,19,57,58,52,4,24,48,8,33,47,41,25,37,6,17,23,10,12,20,49,13,2,14,45,54,18,42,38,53,27,43,30,46,34,55,26,44,3,28,5,7,59,21,50,32,35,40,16,39,15,36,9,31,22,56,29,1]
668 [4,7,1,3,5,2,6]
669 [7,12,5,9,4,3,6,2,8,1,10,11]
670 [10,9,31,33,44,4,36,22,3,32,14,46,55,67,12,23,38,60,41,68,13,24,48,49,2,20,27,65,45,58,47,53,18,63,1,6,25,15,8,29,37,66,57,30,11,34,16,40,5,61,35,26,62,17,69,42,52,54,64,59,70,56,19,39,50,51,21,7,28,43]
671 [4,30,13,21,3,7,17,16,25,22,11,15,24,2,29,20,28,10,14,8,33,31,18,5,23,6,12,9,1,27,26,32,19]
672 [5,7,8,3,1,6,2,4,12,11,10,14,13,9]
673 [14,13,4,11,6,2,5,9,7,1,8,10,12,3]
674 [3,18,4,14,13,1,17,12,7,10,11,15,2,16,6,9,8,5]
675 [16,9,7,15,1,11,14,4,17,2,19,5,6,12,10,8,18,13,3]
676 [44,12,20,45,39,62,60,59,28,72,57,1,64,69,51,3,10,50,29,66,63,23,32,74,56,65,73,24,17,19,49,41,7,71,58,48,4,37,25,54,8,55,46,33,36,38,2,34,40,14,15,26,22,43,67,18,6,5,27,13,61,30,35,42,31,53,16,9,21,70,68,11,47,52]
677 [6,19,15,13,7,11,14,4,2,3,18,20,1,9,16,8,5,12,17,10]
678 [2,7,6,1,3,5,4]
679 [15,43,38,3,56,22,12,50,60,59,47,32,24,25,7,46,8,51,40,16,13,17,34,18,52,44,35,14,53,26,41,10,57,36,27,45,21,31,2,20,37,55,49,11,9,30,28,1,23,29,42,48,19,33,6,54,58,5,4,39]
680 [2,3,11,14,8,4,13,5,9,7,10,12,1,6]
681 [13,5,16,10,9,6,3,2,4,8,12,11,15,14,7,1]
682 [16,6,12,13,4,11,9,17,5,10,1,3,15,7,14,2,8]
683 [1,79,83,91,57,130,65,45,82,23,10,12,18,104,37,4,113,85,86,111,39,71,41,122,75,20,5,62,52,109,15,59,125,27,43,72,46,89,48,2,116,25,121,42,30,100,98,32,120,73,33,26,106,112,29,133,55,6,44,108,11,67,94,34,21,16,90,68,87,126,63,128,47,92,102,49,118,77,110,84,36,70,38,64,95,80,69,60,114,78,56,14,50,88,123,117,93,17,107,53,105,24,40,13,99,35,19,3,115,58,119,7,101,76,129,22,54,31,61,74,131,97,132,96,9,81,124,103,8,127,28,51,66]
684 [40,36,8,4,9,19,21,24,30,16,32,2,58,55,61,56,18,46,48,62,38,5,31,7,12,15,25,47,34,67,22,17,11,44,59,49,39,54,1,60,68,52,51,43,23,6,3,13,35,26,66,65,64,42,50,41,10,29,27,33,57,14,53,20,28,63,45,37]
685 [14,3,12,8,10,9,15,11,5,13,4,7,6,17,19,16,1,18,2]
686 [19,5,18,4,17,1,9,3,13,14,6,16,8,11,12,15,7,10,2,20]
687 [1,2,7,6,4,5,11,9,8,3,10]
688 [49,56,9,43,40,25,21,41,44,4,27,11,24,50,8,18,19,5,2,36,55,39,46,38,20,35,54,30,34,33,37,45,47,13,48,3,32,29,16,14,59,22,10,6,15,31,51,57,53,52,26,23,17,12,58,28,7,1,60,42]
689 [21,32,35,8,12,5,19,2,13,28,3,36,26,14,10,33,29,7,6,16,15,27,9,23,25,24,20,11,4,1,30,34,18,22,31,17]
690 [69,24,23,63,4,64,25,77,71,47,72,31,52,7,49,59,57,73,15,68,12,39,30,55,56,17,21,51,37,40,2,41,10,28,19,60,45,78,20,16,34,38,67,6,14,36,8,66,29,5,54,22,50,65,62,3,32,43,48,74,42,76,9,27,79,11,46,61,35,13,1,26,70,44,75,58,53,18,33]
691 [29,6,11,80,36,71,61,18,67,68,3,73,82,56,8,84,83,53,63,48,12,44,85,75,62,23,13,26,60,50,40,59,16,49,30,41,27,21,72,51,74,22,17,15,55,10,25,78,31,28,52,4,43,47,64,77,32,42,24,81,20,5,19,37,79,2,69,46,7,65,34,54,66,14,35,1,58,57,70,76,38,39,33,45,9]
692 [30,33,40,47,2,14,46,34,25,17,3,23,42,37,44,18,16,8,28,43,27,13,35,21,39,22,19,20,24,7,32,5,12,41,31,6,45,36,4,48,15,9,1,11,10,26,38,29]
693 [21,45,32,8,31,5,23,7,42,51,4,48,12,16,24,9,49,33,50,18,30,2,25,19,41,43,17,28,11,10,34,14,40,22,13,27,38,37,29,1,20,39,44,36,6,46,35,3,47,15,26]
694 [4,3,1,8,10,7,2,11,5,6,9]
695 [2,7,4,1,3,6,5]
696 [13,44,87,98,31,52,42,83,75,77,85,111,64,82,12,89,19,17,55,104,106,103,66,107,71,29,27,37,2,108,70,23,63,39,53,74,54,76,43,41,48,110,95,100,84,3,57,47,11,78,1,30,56,61,97,7,34,92,62,4,18,101,15,28,8,10,79,46,35,6,14,24,22,94,96,93,26,60,21,20,67,90,49,38,25,91,36,51,68,50,5,80,88,16,99,69,40,59,73,105,9,33,109,81,72,32,45,86,58,65,102]
697 [15,7,10,13,12,3,11,8,18,1,16,9,4,5,19,14,6,2,17]
698 [24,7,30,32,31,34,42,15,5,29,27,44,12,16,2,28,47,25,9,22,33,43,4,40,11,37,20,39,48,38,18,41,46,45,10,35,8,19,23,36,3,1,17,14,13,21,26,6]
699 [5,2,4,9,3,10,13,12,15,6,14,8,1,7,11]
700 [9,3,11,2,8,10,1,7,4,6,12,5]
701 [15,6,2,25,9,21,19,12,8,10,1,17,11,18,4,16,5,23,20,24,3,7,22,14,13]
702 [13,3,4,2,10,5,7,1,11,8,6,9,12]
703 [5,12,25,19,29,14,2,4,15,21,24,30,11,9,27,17,7,18,13,26,16,22,10,28,20,1,3,6,23,8]
704 [4,13,1,19,10,16,27,25,17,5,3,26,11,24,18,15,14,22,8,9,7,12,20,23,6,21,2]
705 [15,31,13,30,22,14,16,38,28,18,8,2,17,9,1,7,39,41,24,26,5,23,35,25,6,37,19,29,12,33,32,10,36,3,34,27,21,20,4,40,11]
706 [14,21,13,10,1,16,19,17,18,7,11,6,20,12,5,2,8,9,3,4,15]
707 [1,2]
708 [3,1,4,7,2,5,6]
709 [1,9,7,6,10,2,5,4,8,3]
710 [6,37,34,41,28,13,48,52,32,44,58,56,46,50,33,9,22,42,39,19,3,47,27,45,53,31,4,29,5,2,36,51,15,26,17,11,20,54,55,35,14,40,59,23,38,60,18,57,21,7,10,24,12,16,8,30,25,49,43,1]
711 [27,22,21,32,5,8,33,2,13,7,25,12,9,15,34,20,1,10,4,30,3,14,23,26,17,11,18,31,24,28,16,19,6,29]
712 [25,36,2,11,85,80,92,63,28,66,44,56,88,54,20,42,61,77,7,76,22,46,18,73,48,52,93,51,31,35,16,83,86,12,8,5,41,3,50,57,15,81,47,59,55,37,64,43,65,29,68,17,34,27,38,91,58,10,75,71,94,49,26,13,6,45,1,70,4,30,32,67,39,79,24,87,21,9,40,19,33,90,82,53,69,23,84,72,60,78,62,74,89,14]
713 [1,4,5,7,6,3,8,2]
714 [31,3,19,1,8,7,14,24,9,36,21,33,20,23,27,37,32,28,35,15,22,10,6,29,30,17,38,13,2,16,25,26,5,4,34,39,18,12,11]
715 [4,3,2,7,5,6,1]
716 [57,74,7,66,100,95,76,82,35,64,26,3,73,20,104,79,49,56,23,92,86,9,8,81,69,72,65,58,78,24,96,80,21,41,6,39,85,83,87,67,54,13,12,75,36,38,40,10,45,51,88,89,97,25,47,52,17,30,77,44,71,18,11,42,59,43,22,84,27,48,33,61,34,98,15,50,1,31,37,62,5,19,99,60,103,32,94,2,14,91,53,101,63,4,93,29,68,90,55,70,102,28,16,46]
717 [7,14,6,12,13,3,10,15,2,4,8,9,11,1,5]
718 [4,42,13,2,33,47,7,3,19,28,51,41,9,34,35,16,20,50,12,22,6,36,49,18,44,39,37,26,24,14,52,10,31,29,43,23,48,32,46,8,25,45,30,21,1,40,5,27,38,17,11,15]
719 [2,16,14,8,3,19,26,15,12,25,13,5,4,17,23,11,6,21,20,10,18,1,9,22,24,7]
720 [3,7,15,12,13,16,2,5,17,11,1,8,14,9,4,6,10]
721 [59,23,77,72,62,31,11,48,9,15,107,37,93,19,71,34,25,91,67,97,81,61,104,88,99,49,26,28,87,20,46,70,41,30,103,78,94,7,32,76,84,18,86,35,64,2,45,14,102,105,85,42,101,24,75,43,73,17,69,95,44,58,47,50,92,8,21,89,82,51,66,65,52,55,74,36,12,96,27,79,10,57,100,108,29,63,33,90,38,80,60,13,98,6,39,109,16,56,40,54,5,83,4,68,53,3,106,22,1]
722 [15,27,1,11,14,8,12,7,23,28,6,17,9,22,3,26,21,16,32,31,20,29,5,19,13,18,24,25,30,4,10,2]
723 [4,1,5,3,2]
724 [2,1]
725 [1,4,5,6,3,2,8,7]
726 [1,3,5,6,7,4,2]
727 [2,1,4,3]
728 [2,3,4,1,6,5]
729 [57,23,10,48,51,12,25,13,58,49,29,44,46,22,11,47,56,60,50,17,45,3,36,19,55,53,40,54,24,27,37,41,8,15,9,28,39,43,32,1,14,4,2,42,5,7,30,38,34,52,20,21,59,18,31,35,26,33,16,6]
730 [75,60,87,4,64,42,11,37,7,50,14,52,12,51,84,85,46,5,10,53,40,36,92,21,8,29,79,35,28,1,78,27,38,26,9,74,76,39,83,47,96,41,22,16,34,33,6,55,98,23,77,88,18,2,97,95,45,94,3,31,71,56,59,19,66,13,67,20,93,15,91,58,62,80,25,49,89,70,68,63,57,17,54,86,30,72,48,69,61,32,65,82,44,90,81,43,24,73]
731 [6,8,4,31,12,26,23,9,13,15,5,30,28,27,20,11,3,19,29,2,14,1,10,7,16,22,18,33,32,25,17,24,21]
732 [24,19,15,20,14,23,11,26,9,2,16,1,6,8,21,25,22,7,13,27,10,12,18,4,3,5,17]
733 [49,25,141,1,8,7,130,11,56,59,100,123,114,33,102,88,72,150,47,65,115,32,37,149,2,125,110,133,122,44,148,13,157,139,82,12,94,121,91,9,21,143,30,31,3,109,106,41,92,142,45,129,67,17,28,10,87,53,42,80,117,145,62,81,152,58,89,6,24,63,68,111,34,4,71,126,83,14,18,98,116,74,61,76,66,101,64,138,124,107,151,146,27,93,84,134,60,38,19,156,104,36,79,75,132,55,108,51,5,113,16,57,103,97,128,112,35,140,73,29,118,96,48,95,158,20,23,154,105,52,86,26,22,147,144,70,77,119,155,120,50,135,69,153,137,54,131,90,127,85,43,99,40,78,39,15,136,46]
734 [2,1,4,3,5]
735 [2,1]
736 [13,6,12,1,14,7,4,3,9,5,8,15,2,11,10]
737 [10,3,2,4,7,11,6,5,9,1,8]
738 [46,8,39,49,12,54,4,73,21,60,24,69,3,78,67,77,23,13,10,36,59,11,63,27,31,14,51,19,66,33,47,50,74,20,81,44,17,22,62,28,76,26,29,88,61,7,2,75,58,52,5,40,45,79,68,86,87,38,57,82,41,65,6,37,30,16,42,1,53,64,34,9,18,25,56,43,15,72,48,71,55,70,84,80,32,85,35,83]
739 [9,11,3,1,5,4,8,6,7,10,2]
740 [2,4,1,5,10,9,3,7,6,8]
741 [183,84,179,174,167,37,10,48,33,26,98,211,49,122,46,129,111,69,198,30,101,72,63,87,127,90,161,231,158,75,191,35,230,78,102,133,229,118,206,200,166,32,181,210,91,117,194,195,45,178,64,38,135,11,20,12,156,213,138,175,96,57,151,202,162,131,168,14,227,137,25,209,73,193,44,76,62,142,53,74,159,130,71,104,169,67,86,180,4,82,208,95,79,222,19,61,224,199,171,139,59,7,150,18,47,221,31,56,65,214,188,51,184,68,185,27,85,225,120,58,170,83,8,77,132,182,197,81,40,16,136,15,146,217,5,212,3,13,154,143,107,177,114,125,17,172,39,189,204,50,80,54,119,124,43,97,116,106,145,153,93,9,66,113,228,186,149,22,157,29,70,23,112,219,144,2,203,42,196,207,216,109,94,201,36,99,128,155,147,164,21,115,6,190,176,110,173,100,192,105,108,152,103,28,52,41,123,148,220,226,215,92,34,205,160,187,140,88,60,134,141,24,1,165,223,55,121,89,163,218,126]
742 [3,18,19,10,15,5,13,6,7,20,2,12,9,11,8,1,17,4,21,14,16]
743 [26,164,51,43,4,131,10,35,11,29,170,185,184,140,186,67,109,116,22,42,145,36,56,63,151,127,27,13,82,155,58,124,80,28,147,129,107,181,137,121,119,78,54,86,30,76,159,96,132,41,20,84,182,32,174,60,125,139,69,154,136,5,12,106,111,85,48,2,45,160,157,103,167,66,95,180,158,163,87,126,53,183,97,9,31,55,100,101,94,59,108,64,162,46,175,120,149,134,123,153,75,148,130,81,114,188,7,144,115,98,105,23,135,21,156,73,138,169,142,33,165,49,25,40,1,122,37,19,6,3,146,90,47,152,71,141,70,16,8,57,15,65,161,179,39,187,44,99,34,61,62,143,118,74,18,89,113,133,93,72,92,104,178,173,117,102,168,150,112,172,38,128,176,50,83,166,91,79,88,14,17,52,24,68,171,177,110,77]
744 [3,6,2,1,8,7,4,5]
745 [18,12,14,2,13,4,10,11,16,9,7,8,1,15,19,5,3,17,20,6]
746 [16,25,47,5,23,22,81,52,27,24,79,80,69,43,2,51,35,3,39,11,8,50,78,87,94,41,28,34,13,49,12,73,56,77,38,64,71,63,32,88,82,29,14,53,17,67,48,10,86,85,68,40,18,37,33,46,57,61,31,44,55,59,72,95,74,1,83,90,93,92,84,30,45,20,70,4,75,60,19,26,76,6,66,9,21,36,42,58,54,65,89,7,15,62,91]
747 [42,36,45,2,43,19,35,31,33,29,15,49,18,38,16,52,13,25,48,14,51,40,8,10,12,9,27,17,7,34,46,5,22,21,20,47,57,1,56,41,54,26,28,32,55,3,59,11,30,4,44,50,53,37,39,24,6,23,58]
748 [1,6,2,7,4,3,5]
749 [4,16,19,26,10,15,24,20,18,12,7,2,11,17,5,14,22,25,1,9,13,8,3,23,6,21]
750 [35,32,19,6,31,16,25,20,7,13,18,1,23,12,29,28,2,34,24,30,33,21,14,15,26,22,8,17,5,10,9,11,3,27,4]
751 [8,10,1,3,11,13,4,2,7,14,5,9,6,12]
752 [4,1,10,13,3,11,14,9,16,17,15,7,6,18,2,20,5,8,12,19]
753 [7,1,2,3,16,18,12,9,8,15,4,13,6,17,14,10,5,11]
754 [8,3,6,21,4,45,5,44,13,43,55,51,12,52,15,28,35,27,47,2,1,16,57,17,46,54,18,53,48,30,11,34,14,25,41,31,37,29,56,10,22,50,58,26,19,32,40,23,24,36,39,9,49,7,20,33,38,59,60,42]
755 [60,68,36,22,31,5,27,1,33,57,3,45,46,18,39,43,10,42,17,38,34,4,54,49,62,15,59,14,47,51,29,21,64,7,25,41,48,58,67,65,52,50,24,6,40,19,53,16,55,61,32,56,66,2,37,30,9,13,44,35,63,12,8,69,26,11,20,28,23]
756 [22,13,16,9,27,6,11,19,15,10,1,26,2,7,18,5,14,4,20,21,12,17,23,24,25,8,3]
757 [2,1]
758 [2,1]
759 [25,20,22,18,2,21,16,24,1,5,29,30,14,7,9,11,31,26,10,12,6,13,32,4,15,3,27,8,17,19,23,28]
760 [2,11,12,24,10,29,17,5,28,8,20,16,9,27,25,13,1,14,23,22,18,4,15,21,6,3,7,19,26]
761 [2,4,1,3,5]
762 [7,4,6,5,2,3,1]
763 [3,1,5,4,2]
764 [9,6,8,3,1,4,14,12,10,5,7,2,13,11]
765 [10,2,1,4,5,6,7,11,8,3,9]
766 [2,8,9,7,1,3,5,6,4,10]
767 [38,2,49,28,22,19,43,27,25,18,16,45,41,26,32,23,46,10,52,6,55,30,47,11,31,29,14,51,17,50,1,33,13,8,5,7,34,4,48,3,53,44,9,56,42,21,36,15,40,20,37,54,12,39,35,24]
768 [12,3,5,8,9,10,1,6,2,7,11,4]
769 [2,1]
770 [19,8,11,13,17,9,6,2,20,18,16,12,15,1,3,5,14,4,10,7]
771 [6,10,3,14,5,7,1,2,19,12,11,9,13,17,16,18,4,15,8]
772 [4,2,1,3]
773 [17,10,7,16,13,18,3,12,15,1,14,8,11,4,5,19,2,9,6]
774 [2,3,7,1,4,5,6]
775 [9,14,30,67,65,25,63,49,59,37,43,46,51,26,52,54,15,17,20,33,32,8,18,50,73,10,81,69,71,2,68,44,41,61,31,16,22,21,66,13,79,77,27,6,70,60,40,19,23,1,12,42,57,36,83,53,84,87,82,80,86,88,64,76,11,62,58,24,35,78,3,85,5,4,45,56,72,7,34,28,39,74,38,47,29,75,55,48]
776 [34,31,58,1,43,20,32,14,35,56,63,16,19,37,48,65,4,28,59,8,10,23,41,44,21,55,54,26,38,60,13,18,3,49,30,57,7,6,53,64,45,50,51,9,24,12,11,61,46,25,42,40,2,5,22,62,29,33,17,39,15,52,36,27,47]
777 [4,6,18,3,13,17,2,5,10,15,14,9,20,8,22,21,1,7,12,16,11,19]
778 [1,4,29,33,34,8,3,24,10,30,28,25,11,7,16,9,19,21,31,26,14,6,5,32,23,27,20,22,17,2,18,13,15,35,12]
779 [6,1,2,4,9,12,21,17,22,16,3,15,23,20,25,8,13,28,26,24,10,27,11,14,18,5,7,19]
780 [1,4,3,2]
781 [2,1]
782 [7,14,2,1,6,17,9,10,5,13,11,12,16,4,15,3,8,18]
783 [5,12,2,6,4,9,7,16,8,14,10,3,18,11,19,17,1,15,13]
784 [13,17,10,36,19,34,23,27,64,74,54,39,31,24,4,47,72,70,65,29,35,50,37,56,62,30,18,38,55,60,28,81,66,14,43,82,84,58,44,5,25,40,42,49,20,71,21,6,76,33,80,3,52,12,53,26,61,2,22,69,67,45,78,1,73,68,77,57,16,15,8,7,32,11,51,63,48,79,9,75,59,41,46,83]
785 [1,45,47,51,10,41,14,33,24,42,5,49,16,18,19,25,13,21,48,27,4,2,11,39,12,30,50,29,15,32,37,8,40,26,23,6,36,20,46,7,38,9,34,3,31,22,28,43,17,35,44]
786 [16,10,31,12,17,21,33,34,6,51,24,26,18,30,41,48,20,8,27,32,39,43,42,36,50,15,38,22,37,4,45,46,3,29,9,14,13,49,28,19,1,35,47,11,23,40,2,25,5,44,7]
787 [11,4,5,1,17,16,28,13,31,20,30,10,2,19,22,27,23,7,14,8,12,25,21,26,9,24,15,6,3,18,29]
788 [2,1]
789 [18,17,19,7,14,20,5,6,12,2,1,21,4,11,16,26,25,24,3,15,22,13,23,8,9,10]
790 [6,36,51,27,17,37,52,8,29,50,55,3,47,54,57,2,16,28,1,31,15,35,39,40,13,49,38,30,10,44,24,48,22,32,23,14,12,34,42,21,4,26,56,9,18,45,11,19,5,25,7,41,43,53,20,46,33,58]
791 [2,4,3,1,5]
792 [60,83,86,46,47,56,61,54,108,67,65,118,51,50,115,103,4,113,44,80,7,25,28,85,87,55,107,58,15,104,34,106,16,39,97,43,26,33,64,29,62,37,90,35,100,53,19,27,6,8,49,96,22,9,32,78,111,70,116,52,10,1,24,73,2,92,72,30,112,12,38,84,59,101,71,21,105,89,76,102,82,68,13,98,11,117,31,18,5,114,88,57,81,69,3,23,94,79,40,109,17,75,66,91,42,77,41,119,36,110,14,48,20,95,99,63,74,45,93]
793 [15,38,18,48,44,2,32,39,12,20,31,3,41,11,40,35,37,21,33,27,17,14,50,51,36,52,13,43,5,26,19,30,34,47,16,7,46,25,4,10,8,42,24,49,1,6,23,45,53,28,29,22,9]
794 [44,31,2,69,28,25,74,67,66,7,40,39,33,42,4,8,10,56,63,38,32,12,54,49,72,59,26,65,41,18,9,47,45,46,76,15,35,36,5,50,70,13,64,60,6,61,3,21,19,62,22,27,34,71,52,24,17,48,77,11,20,68,73,55,16,1,14,23,29,53,75,43,30,51,57,58,37]
795 [5,15,3,18,25,4,19,24,1,6,9,23,2,10,12,27,26,22,13,17,7,11,21,14,16,8,20]
796 [8,31,11,21,14,20,7,17,34,5,1,32,28,33,19,13,16,3,35,2,9,26,4,6,29,37,15,18,27,36,22,24,30,23,10,12,25]
797 [4,1,10,11,16,5,2,17,14,6,12,8,13,15,3,7,9]
798 [3,2,7,8,9,1,4,6,5]
799 [14,9,7,5,12,11,6,13,15,4,16,1,3,8,10,2]
800 [12,14,1,15,4,9,7,8,11,10,13,2,6,3,16,5]
801 [5,22,21,41,9,31,19,17,34,25,29,6,35,40,39,38,12,1,2,30,16,3,32,4,14,8,27,10,36,7,11,28,42,15,20,37,26,24,18,13,33,23]
802 [17,35,61,33,57,1,16,10,6,15,29,51,31,44,24,50,55,43,18,19,20,53,52,38,25,4,5,8,49,40,26,21,23,9,58,36,7,22,30,48,27,14,3,28,56,37,12,42,46,62,13,11,39,45,54,47,41,32,34,2,60,59]
803 [13,20,10,7,8,17,15,9,16,12,1,6,4,5,11,3,19,18,14,2]
804 [2,1]
805 [20,17,23,5,16,26,22,4,3,24,13,1,18,21,8,30,6,7,15,27,19,12,2,25,29,9,28,11,10,14]
806 [15,24,18,6,11,10,8,25,1,4,23,7,20,2,17,9,5,22,21,16,19,14,13,12,3]
807 [70,108,62,81,82,17,92,51,58,55,3,113,76,52,111,98,96,107,26,75,23,72,114,6,31,16,54,25,86,112,57,22,61,49,84,34,103,41,66,78,24,71,47,12,9,46,67,38,13,19,69,60,102,73,39,87,110,50,28,45,79,109,85,14,40,18,94,2,59,53,20,15,27,48,97,5,83,77,95,10,42,65,89,43,105,88,101,80,35,90,63,37,29,30,11,99,21,44,68,4,64,100,7,1,106,32,93,8,36,56,74,91,104,33]
808 [12,9,6,1,11,14,5,8,16,13,10,7,4,17,3,2,15]
809 [3,19,4,15,10,2,1,6,8,20,7,9,5,11,16,13,12,18,14,17]
810 [6,46,8,55,77,78,74,64,65,4,60,14,7,22,13,43,26,3,32,87,21,57,86,88,25,37,15,54,83,79,38,63,85,66,42,69,10,51,17,52,48,56,23,30,59,2,35,41,58,72,80,47,67,84,39,12,9,49,1,50,27,34,33,70,16,62,76,82,18,68,73,40,24,20,90,29,31,44,45,5,71,19,61,75,53,11,36,89,81,28]
811 [7,9,8,16,19,2,21,1,5,17,11,22,20,3,18,6,4,13,10,12,23,14,15]
812 [5,44,14,6,42,13,40,8,23,1,35,32,37,36,28,34,27,19,22,25,31,11,30,20,38,12,7,26,43,15,10,33,21,41,16,9,3,29,39,17,18,4,24,2]
813 [11,9,8,16,5,7,13,3,24,12,22,10,14,19,4,23,6,17,21,18,1,2,20,15]
814 [77,49,51,68,45,50,93,67,34,85,41,71,65,54,13,62,57,37,90,56,61,88,78,27,40,26,59,19,82,42,39,70,20,21,17,52,14,6,38,86,66,36,10,83,48,8,46,15,32,25,72,43,16,87,91,76,58,18,28,12,69,53,4,23,44,74,75,5,30,22,60,24,11,9,92,64,63,55,80,79,7,3,35,89,84,1,81,29,73,33,47,31,2]
815 [20,17,7,8,13,21,3,6,4,18,10,1,12,2,5,9,16,15,14,19,11]
816 [8,24,34,33,37,18,31,9,6,21,40,7,32,5,35,14,30,10,1,26,23,13,20,3,25,22,16,19,27,38,36,11,39,29,15,4,12,17,28,2]
817 [2,1]
818 [7,9,6,4,3,5,1,10,2,8]
819 [3,10,7,5,11,12,15,16,9,14,1,8,2,13,6,4]
820 [8,3,4,7,13,6,1,9,2,12,11,10,5]
821 [6,12,20,30,21,17,13,31,24,9,29,28,14,3,26,1,8,22,23,18,10,16,27,19,4,32,11,15,2,7,25,5]
822 [6,2,7,5,14,8,13,1,3,10,9,11,12,4,15]
823 [19,80,49,75,32,53,25,13,54,81,17,31,47,2,71,68,87,89,12,16,35,27,24,64,5,37,57,15,1,11,72,28,8,4,63,29,84,6,42,41,30,39,51,86,33,65,82,46,62,58,66,50,22,52,76,74,38,61,45,83,20,26,10,43,60,44,7,77,73,85,34,18,88,14,70,67,59,21,69,40,48,36,79,78,23,3,9,56,55]
824 [17,4,5,13,18,2,16,11,9,6,3,12,7,14,1,15,19,8,10]
825 [12,47,24,20,34,53,63,17,5,68,3,32,35,57,70,71,11,22,36,27,2,69,14,21,49,58,33,6,61,15,7,59,43,56,13,41,39,54,66,42,65,73,10,28,50,31,52,51,48,23,9,37,55,72,19,45,40,60,1,4,44,26,67,38,16,29,18,8,64,46,62,25,30]
826 [40,12,14,15,32,43,41,37,46,26,42,39,8,23,34,45,33,24,20,13,38,44,36,16,2,1,47,11,31,7,22,21,30,3,35,18,5,4,28,29,10,6,17,27,9,19,25]
827 [71,106,70,76,86,87,3,92,89,20,23,44,30,10,63,99,32,105,101,45,98,28,53,39,46,62,35,31,81,29,8,57,27,13,88,85,104,64,25,22,80,17,14,97,56,47,49,72,15,67,34,59,103,83,77,108,90,82,91,94,65,114,84,7,51,6,33,11,73,21,40,50,48,102,19,78,58,107,12,16,68,61,96,5,60,79,109,2,4,18,66,112,52,42,26,74,1,115,41,100,36,43,55,9,24,111,75,54,113,38,69,93,95,110,37]
828 [18,10,1,19,8,6,2,9,28,25,4,11,24,21,5,20,26,16,17,3,23,12,14,13,15,22,27,7]
829 [18,93,41,62,45,38,48,21,87,99,11,36,74,7,27,76,23,70,68,96,12,107,2,47,1,10,59,35,37,8,33,56,53,91,102,98,103,80,9,65,4,85,34,39,50,14,55,44,77,72,60,20,82,100,57,69,29,89,16,3,84,6,30,15,95,24,52,25,66,86,13,32,94,63,78,58,97,22,79,43,105,104,31,88,90,28,26,67,73,75,81,64,83,106,40,61,5,42,54,71,17,46,92,51,101,19,49]
830 [4,17,1,7,6,10,9,5,13,18,12,19,16,15,8,2,11,14,3]
831 [15,18,3,4,19,27,9,29,2,7,25,21,13,1,20,28,12,26,17,6,23,8,10,16,11,5,14,24,22]
832 [1,5,2,3,4]
833 [5,4,1,9,2,8,6,3,7]
834 [2,1,3,6,7,5,4]
835 [26,58,49,46,28,27,9,37,30,63,40,14,33,5,73,10,22,47,38,3,7,57,6,31,53,20,42,23,69,55,52,70,77,2,41,67,68,32,34,44,17,4,51,21,45,54,76,1,36,15,65,56,8,16,74,72,13,25,71,29,18,66,75,62,60,59,24,48,43,39,19,64,12,11,50,35,61]
836 [1,2]
837 [16,3,13,1,5,4,7,14,6,9,17,8,15,2,12,10,11]
838 [36,32,7,6,23,25,18,2,27,11,22,37,13,26,29,35,28,14,24,16,3,17,10,19,20,12,15,33,31,21,9,8,4,5,30,34,1]
839 [18,1,14,4,3,12,10,7,8,20,6,13,11,16,9,15,2,17,19,5]
840 [2,20,7,9,3,1,22,8,21,6,25,10,17,4,5,23,11,24,14,15,18,16,12,13,19]
841 [61,16,50,2,52,68,38,15,34,54,31,3,22,6,23,72,14,4,44,43,35,67,63,18,28,53,66,59,21,17,13,69,11,58,74,7,27,41,45,39,71,19,10,12,42,37,25,60,1,32,64,62,26,55,73,56,24,46,36,40,8,65,57,9,47,48,20,33,51,30,5,29,70,49]
842 [5,4,1,2,6,3,7]
843 [8,12,14,18,3,20,2,13,10,7,16,17,19,9,1,11,15,5,4,6]
844 [23,42,32,16,45,35,33,41,11,29,22,36,4,38,12,7,30,17,25,18,40,15,34,24,5,43,13,6,37,2,27,20,26,28,14,19,21,1,8,44,46,3,10,39,9,31]
845 [4,21,6,7,27,2,15,22,13,26,11,1,17,23,24,14,8,20,9,10,25,18,12,3,5,16,19]
846 [3,10,19,40,23,30,1,21,32,17,36,45,24,46,5,41,15,27,8,7,12,39,16,13,9,20,14,25,22,43,28,11,38,47,33,37,18,48,35,44,26,34,4,42,29,6,31,2]
847 [7,5,8,14,1,11,13,18,15,10,19,9,17,4,12,16,2,6,3]
848 [19,7,10,3,11,17,9,16,13,1,8,15,18,2,12,21,5,22,6,20,4,14]
849 [3,7,8,2,6,5,4,1]
850 [10,6,17,31,32,21,13,7,23,25,26,4,2,15,29,12,16,33,20,1,34,5,28,30,8,18,9,22,14,11,19,27,24,3,35]
851 [9,3,17,8,6,2,13,5,14,10,18,1,4,11,15,12,16,7]
852 [4,5,7,2,12,10,3,6,1,8,13,9,14,11]
853 [14,28,39,15,82,41,1,36,69,76,61,24,60,59,18,58,84,78,75,9,44,62,57,12,5,79,67,4,21,53,38,54,8,91,42,51,11,26,3,74,20,80,10,81,13,90,65,7,83,77,86,32,33,87,52,31,2,17,72,47,71,64,55,48,19,49,25,22,29,56,63,88,27,66,35,23,70,43,40,30,45,6,46,50,68,89,37,85,73,16,34]
854 [21,27,13,18,32,17,2,29,30,12,15,4,14,31,10,33,16,6,34,25,28,26,1,3,19,8,22,9,23,5,11,24,20,7]
855 [4,2,1,7,5,6,3]
856 [2,6,9,10,5,3,8,7,1,4]
857 [1,11,24,22,7,18,4,21,5,2,15,6,25,16,10,3,23,9,14,19,8,17,13,20,12]
858 [2,10,7,8,11,9,1,3,6,5,4]
859 [56,25,4,24,61,50,59,28,15,66,5,30,69,42,39,14,17,57,23,44,73,70,13,47,18,6,53,64,41,32,43,19,16,63,12,22,60,55,62,54,29,21,34,48,67,11,35,26,10,46,31,9,8,72,36,58,38,40,7,51,68,3,65,1,45,71,2,37,33,52,49,20,27]
860 [1,5,3,2,6,7,4]
861 [1,2]
862 [24,23,28,4,7,3,6,25,14,29,32,31,15,21,9,20,26,10,19,17,33,30,2,18,8,16,12,5,22,1,27,11,13]
863 [16,2,13,5,11,28,23,46,35,20,54,55,43,17,30,25,38,49,50,12,27,48,53,33,36,47,52,3,41,44,26,6,34,10,9,39,19,24,32,18,7,42,4,51,31,1,37,40,21,29,8,22,14,15,45]
864 [15,43,18,19,17,36,42,20,9,40,45,6,39,44,2,29,25,46,30,26,16,38,24,7,34,21,28,35,14,37,13,4,8,3,32,33,12,31,41,23,5,22,11,1,10,27]
865 [11,14,3,19,7,4,9,18,26,6,10,13,27,24,21,5,22,15,1,25,17,8,23,16,2,12,20]
866 [2,5,6,3,4,1]
867 [27,1,14,20,17,5,2,68,47,63,49,80,57,8,21,66,54,38,13,51,24,45,55,77,74,28,59,60,69,25,4,58,29,46,36,34,72,31,62,53,11,3,64,30,18,56,44,75,7,52,65,67,50,10,16,41,76,82,40,71,43,35,70,79,15,12,73,81,19,26,78,61,32,23,48,39,22,6,9,33,37,42]
868 [2,1,4,3]
869 [1,10,9,2,7,13,11,5,12,8,6,3,4]
870 [14,17,12,33,15,9,27,19,3,16,30,22,5,35,36,4,18,8,20,24,2,13,10,31,29,21,26,6,32,11,25,34,1,23,7,28]
871 [1,2,5,7,6,4,3]
872 [4,7,3,2,1,6,5]
873 [103,42,40,59,65,82,28,94,98,74,122,12,63,77,33,71,4,81,25,66,90,58,88,6,21,113,109,68,36,78,55,123,126,102,14,26,125,20,17,85,8,5,9,34,131,52,51,50,120,2,41,87,64,24,18,16,93,105,86,104,124,107,27,92,72,83,127,15,29,23,69,128,10,60,62,48,115,67,91,31,100,39,47,114,117,89,11,49,19,106,97,121,95,13,3,111,46,61,1,96,99,44,75,53,73,112,119,38,56,84,30,110,130,22,76,101,32,70,37,79,43,54,57,7,129,116,118,108,80,45,35]
874 [21,1,39,47,12,61,35,34,9,37,42,7,11,28,14,45,63,10,43,13,26,17,44,5,31,51,2,40,23,27,41,56,38,3,33,30,8,32,15,20,57,50,62,19,49,46,48,64,52,4,70,24,72,58,60,69,18,65,29,16,59,22,36,68,66,55,67,25,6,54,71,53]
875 [1,7,11,12,2,19,13,5,21,15,3,25,16,20,4,18,22,6,10,24,8,17,14,9,23]
876 [2,1,3,5,4,6,7]
877 [5,6,3,1,4,2]
878 [23,73,97,17,59,61,63,37,5,106,10,85,84,15,123,42,25,113,22,110,41,16,83,24,13,77,86,114,112,119,82,98,14,27,30,7,65,104,101,78,92,71,120,55,117,87,56,26,88,35,60,8,39,74,100,31,11,36,53,94,2,19,124,44,111,76,40,62,52,33,67,38,50,34,89,102,121,99,57,108,9,91,103,95,45,58,51,79,107,105,93,118,28,4,49,3,80,96,64,6,66,75,12,81,1,46,115,21,48,116,47,20,72,18,68,109,54,90,32,122,69,29,70,43]
879 [2,6,7,3,4,1,5]
880 [17,15,24,5,8,29,28,2,7,23,13,9,30,14,1,19,3,11,12,6,25,27,26,21,20,16,4,22,10,18]
881 [52,43,6,39,67,13,28,45,57,53,14,40,35,58,51,4,36,64,56,11,61,46,18,19,44,7,41,25,49,17,12,62,10,24,55,20,54,2,29,65,33,38,63,32,5,50,42,23,9,16,68,30,27,8,34,31,66,26,60,22,15,47,48,59,3,1,21,37]
882 [4,13,12,2,11,17,1,20,19,9,15,16,10,21,14,8,22,3,7,18,5,6]
883 [2,32,58,11,70,8,28,47,57,4,60,12,23,43,68,30,42,1,63,27,5,48,10,34,6,16,50,65,36,51,18,52,71,72,29,22,15,67,26,41,35,45,55,20,14,21,38,24,3,46,25,49,31,19,53,59,17,9,7,33,66,62,13,56,54,44,61,39,37,64,69,40]
884 [2,1]
885 [5,3,7,6,1,10,2,8,11,4,9]
886 [44,49,34,58,23,59,13,54,47,20,64,29,40,35,27,60,26,36,6,52,42,24,48,25,21,12,39,14,10,43,5,9,57,63,2,65,41,15,16,45,55,1,8,62,53,17,22,56,37,19,30,4,32,11,31,50,18,61,3,51,7,46,38,28,33]
887 [13,14,18,12,7,5,8,4,6,15,10,9,17,3,16,2,11,1]
888 [36,85,93,30,17,77,87,52,64,34,21,41,74,58,40,65,95,7,38,1,9,84,67,33,94,62,2,49,23,96,6,78,12,26,5,69,56,11,80,100,31,68,25,3,32,61,66,35,14,81,86,39,82,16,24,22,19,88,20,63,27,60,54,29,79,70,43,28,55,76,83,13,42,90,47,37,75,102,91,53,99,97,45,57,101,48,92,44,51,18,73,59,4,15,8,50,46,72,89,98,10,71]
889 [1,15,10,16,13,14,20,11,6,4,2,18,3,7,17,19,9,8,12,5]
890 [10,25,16,68,57,50,31,99,103,23,9,76,34,94,66,109,85,58,92,39,18,20,98,51,15,14,17,30,22,46,71,69,110,41,75,101,63,90,29,62,28,1,80,49,56,32,26,48,100,3,27,8,73,83,70,102,105,67,84,107,47,65,4,87,89,12,33,59,88,35,108,45,55,78,61,86,11,82,74,44,7,36,95,37,96,2,6,97,72,91,60,81,42,21,43,64,13,24,104,79,40,54,106,38,52,5,93,53,77,19]
891 [4,97,3,23,142,69,110,24,32,11,90,15,92,48,57,47,106,131,93,16,96,125,63,100,146,128,98,18,30,53,89,14,85,88,42,91,8,74,78,66,10,12,62,108,67,6,31,109,122,46,105,59,81,145,9,5,20,138,52,120,2,139,13,83,45,77,137,111,132,55,133,140,127,65,60,103,58,123,130,28,79,25,44,1,143,126,124,144,35,51,115,43,7,76,73,68,56,41,17,94,38,113,102,33,99,112,117,136,21,129,64,37,80,147,71,87,34,118,40,61,101,26,141,39,114,86,134,22,50,75,121,49,135,29,19,82,72,107,95,70,119,116,36,27,54,84,104]
892 [5,4,1,3,2]
893 [2,12,15,22,4,8,18,14,11,16,17,23,3,5,6,19,7,9,20,10,1,13,21]
894 [14,18,6,36,19,27,16,1,23,37,21,32,7,8,31,30,5,10,11,17,15,3,29,4,26,25,33,28,38,34,22,2,9,35,24,20,12,13]
895 [2,1,7,10,8,4,3,9,5,6]
896 [108,18,66,41,55,86,13,68,100,105,99,22,28,27,92,29,88,23,34,102,53,94,81,97,39,14,62,56,71,33,7,52,35,96,42,9,65,47,75,93,43,67,5,63,1,59,82,60,16,20,32,85,2,61,45,26,77,91,12,30,8,73,50,3,6,104,72,21,84,51,87,103,31,70,98,15,69,19,78,58,101,64,89,74,44,37,83,36,76,106,107,38,90,11,10,57,46,54,48,49,17,79,40,4,24,95,80,25]
897 [6,29,21,32,16,30,36,17,26,3,22,2,11,14,7,31,25,10,24,33,19,12,9,15,34,27,28,23,4,1,20,18,5,8,35,13]
898 [2,1,4,3]
899 [2,43,46,34,32,25,40,12,23,20,11,48,30,14,22,28,10,45,3,33,18,26,47,51,13,27,16,35,4,50,37,31,44,9,29,5,1,17,38,6,49,8,42,21,36,19,7,24,41,39,15]
